Gene stable ID,Transcript stable ID,Transcript start (bp),Transcript end (bp),length
MGG_07573,MGG_07573T0,1075846,1080215,4369
MGG_05134,MGG_05134T0,4715749,4717860,2111
MGG_03309,MGG_03309T0,2316056,2317168,1112
MGG_07008,MGG_07008T0,3563058,3565910,2852
MGG_16787,MGG_16787T0,3172367,3172872,505
MGG_04858,MGG_04858T0,3746340,3749695,3355
MGG_12006,MGG_12006T0,3529643,3531202,1559
MGG_02444,MGG_02444T0,1894214,1900586,6372
MGG_17251,MGG_17251T0,5021917,5022346,429
MGG_10811,MGG_10811T0,7482162,7483739,1577
MGG_15612,MGG_15612T0,2201155,2205905,4750
MGG_00349,MGG_00349T0,3168888,3170365,1477
MGG_16619,MGG_16619T0,492919,493266,347
MGG_04614,MGG_04614T0,1091517,1092719,1202
MGG_16874,MGG_16874T0,4660127,4660587,460
MGG_07147,MGG_07147T0,6543778,6547078,3300
MGG_00076,MGG_00076T0,4205127,4207681,2554
MGG_12797,MGG_12797T0,3282732,3284336,1604
MGG_11099,MGG_11099T0,16991,18580,1589
MGG_07363,MGG_07363T0,7393234,7394165,931
MGG_17953,MGG_17953T0,1302449,1307164,4715
MGG_14898,MGG_14898T0,1498484,1499087,603
MGG_14463,MGG_14463T0,5446035,5447532,1497
MGG_08330,MGG_08330T0,7804650,7806195,1545
MGG_09307,MGG_09307T0,4170671,4173367,2696
MGG_03918,MGG_03918T0,2582803,2585272,2469
MGG_00421,MGG_00421T0,2942014,2943068,1054
MGG_02463,MGG_02463T0,1961754,1963124,1370
MGG_00675,MGG_00675T0,2045887,2048867,2980
MGG_15190,MGG_15190T0,348400,348994,594
MGG_02777,MGG_02777T0,1544931,1546540,1609
MGG_05980,MGG_05980T0,2178041,2179478,1437
MGG_00454,MGG_00454T0,2839300,2844291,4991
MGG_05454,MGG_05454T0,5270187,5272232,2045
MGG_16029,MGG_16029T0,480116,480367,251
MGG_07528,MGG_07528T0,929118,930723,1605
MGG_15909,MGG_15909T0,7378744,7379239,495
MGG_16156,MGG_16156T0,2434092,2434722,630
MGG_05339,MGG_05339T0,4865847,4867095,1248
MGG_18122,MGG_18122T0,289736,291519,1783
MGG_16935,MGG_16935T0,5870828,5872817,1989
MGG_08406,MGG_08406T0,7540300,7540947,647
MGG_05005,MGG_05005T0,4274641,4277151,2510
MGG_11608,MGG_11608T0,3404247,3406595,2348
MGG_14221,MGG_14221T0,87500,89406,1906
MGG_15428,MGG_15428T0,4071086,4072857,1771
MGG_17084,MGG_17084T0,1676474,1679652,3178
MGG_08114,MGG_08114T0,5736005,5739346,3341
MGG_06700,MGG_06700T0,2444578,2448685,4107
MGG_14591,MGG_14591T0,1280546,1282469,1923
MGG_07304,MGG_07304T0,7160727,7160984,257
MGG_09457,MGG_09457T0,3610654,3612008,1354
MGG_07009,MGG_07009T0,3565961,3567283,1322
MGG_15010,MGG_15010T0,1604720,1605275,555
MGG_11663,MGG_11663T0,4097283,4098604,1321
MGG_00065,MGG_00065T0,4243278,4246376,3098
MGG_16776,MGG_16776T0,3080924,3081341,417
MGG_10601,MGG_10601T0,2737319,2739594,2275
MGG_11526,MGG_11526T0,2059155,2060233,1078
MGG_13087,MGG_13087T0,5420152,5420478,326
MGG_00223,MGG_00223T0,3607572,3609388,1816
MGG_02093,MGG_02093T0,540341,542140,1799
MGG_01153,MGG_01153T0,321950,323539,1589
MGG_02698,MGG_02698T0,1842482,1844350,1868
MGG_10893,MGG_10893T0,6613906,6615688,1782
MGG_14635,MGG_14635T0,355380,356890,1510
MGG_17720,MGG_17720T0,2441525,2442097,572
MGG_17976,MGG_17976T0,1654216,1658445,4229
MGG_05211,MGG_05211T0,4974243,4978802,4559
MGG_05253,MGG_05253T0,5160926,5162740,1814
MGG_07261,MGG_07261T0,6986448,6989395,2947
MGG_01043,MGG_01043T0,701769,705122,3353
MGG_04395,MGG_04395T0,7485198,7490369,5171
MGG_00786,MGG_00786T1,1622311,1624307,1996
MGG_00786,MGG_00786T0,1622311,1624307,1996
MGG_06579,MGG_06579T0,3208059,3209033,974
MGG_15326,MGG_15326T0,4850158,4851190,1032
MGG_17770,MGG_17770T0,3223211,3223704,493
MGG_03684,MGG_03684T0,1026869,1029416,2547
MGG_16981,MGG_16981T0,6520382,6523121,2739
MGG_17657,MGG_17657T0,1358303,1359002,699
MGG_11239,MGG_11239T0,2957672,2960491,2819
MGG_08136,MGG_08136T0,5821887,5824140,2253
MGG_09718,MGG_09718T0,5396900,5398469,1569
MGG_05720,MGG_05720T0,6238920,6241587,2667
MGG_10455,MGG_10455T0,297353,298198,845
MGG_08158,MGG_08158T0,5893574,5895694,2120
MGG_01319,MGG_01319T0,3088537,3090307,1770
MGG_07686,MGG_07686T0,1520100,1520994,894
MGG_04518,MGG_04518T0,885198,887606,2408
MGG_10595,MGG_10595T0,2771577,2774676,3099
MGG_07332,MGG_07332T0,7285801,7288874,3073
MGG_00246,MGG_00246T0,3533872,3535545,1673
MGG_14140,MGG_14140T0,138765,140148,1383
MGG_03888,MGG_03888T0,2704875,2706909,2034
MGG_17017,MGG_17017T0,283061,283937,876
MGG_17237,MGG_17237T0,4816401,4816978,577
MGG_09185,MGG_09185T0,3653426,3657204,3778
MGG_04634,MGG_04634T0,7033571,7036181,2610
MGG_15422,MGG_15422T0,3877701,3879306,1605
MGG_12303,MGG_12303T0,5901498,5901797,299
MGG_05067,MGG_05067T0,4474494,4476360,1866
MGG_04724,MGG_04724T0,1324343,1328665,4322
MGG_10534,MGG_10534T0,4768606,4770757,2151
MGG_06375,MGG_06375T0,3970495,3972592,2097
MGG_09428,MGG_09428T0,3319317,3320665,1348
MGG_02702,MGG_02702T0,1810517,1811215,698
MGG_05491,MGG_05491T0,5401860,5405288,3428
MGG_08646,MGG_08646T0,7663037,7666951,3914
MGG_17328,MGG_17328T0,796011,796473,462
MGG_03350,MGG_03350T0,2180376,2181319,943
MGG_03315,MGG_03315T0,2293647,2295049,1402
MGG_06267,MGG_06267T0,4350320,4351757,1437
MGG_04557,MGG_04557T0,7218762,7219722,960
MGG_16385,MGG_16385T0,5476748,5477390,642
MGG_16360,MGG_16360T0,5231961,5232726,765
MGG_09467,MGG_09467T0,3580925,3582095,1170
MGG_01722,MGG_01722T0,4573389,4576097,2708
MGG_01117,MGG_01117T0,467156,469730,2574
MGG_09164,MGG_09164T0,20630,23489,2859
MGG_06775,MGG_06775T0,2690101,2692299,2198
MGG_06052,MGG_06052T0,2398224,2402131,3907
MGG_10152,MGG_10152T0,1620090,1623270,3180
MGG_03456,MGG_03456T0,1802359,1803981,1622
MGG_05718,MGG_05718T0,6232141,6234862,2721
MGG_05128,MGG_05128T0,4686372,4689207,2835
MGG_15417,MGG_15417T0,7818504,7818932,428
MGG_03816,MGG_03816T0,2950498,2952109,1611
MGG_07298,MGG_07298T0,7144748,7146317,1569
MGG_00543,MGG_00543T0,2519993,2522482,2489
MGG_08957,MGG_08957T0,2273031,2273411,380
MGG_04194,MGG_04194T0,1635455,1637705,2250
MGG_17907,MGG_17907T0,839541,840382,841
MGG_07785,MGG_07785T0,5754664,5756904,2240
MGG_02191,MGG_02191T0,904081,905420,1339
MGG_17222,MGG_17222T0,4615884,4617794,1910
MGG_04173,MGG_04173T0,1715885,1717785,1900
MGG_03668,MGG_03668T0,1078109,1082827,4718
MGG_09126,MGG_09126T0,109743,110958,1215
MGG_00070,MGG_00070T0,4230327,4232501,2174
MGG_10418,MGG_10418T0,1005752,1006078,326
MGG_08016,MGG_08016T0,5425986,5428490,2504
MGG_16393,MGG_16393T0,5514810,5516883,2073
MGG_05627,MGG_05627T0,5895747,5896832,1085
MGG_13629,MGG_13629T0,5095273,5098958,3685
MGG_11144,MGG_11144T0,4776928,4779257,2329
MGG_17499,MGG_17499T0,3606469,3607507,1038
MGG_15485,MGG_15485T0,8317916,8319389,1473
MGG_11917,MGG_11917T0,1698011,1703246,5235
MGG_09963,MGG_09963T0,5136317,5138517,2200
MGG_16222,MGG_16222T0,3345679,3346831,1152
MGG_08008,MGG_08008T0,5404224,5405452,1228
MGG_03498,MGG_03498T0,1681297,1683219,1922
MGG_01616,MGG_01616T0,4200679,4203251,2572
MGG_02631,MGG_02631T0,2124788,2126933,2145
MGG_15799,MGG_15799T0,5342301,5342621,320
MGG_03644,MGG_03644T0,1150109,1151494,1385
MGG_13801,MGG_13801T0,7159074,7162652,3578
MGG_09761,MGG_09761T0,5281157,5282277,1120
MGG_01404,MGG_01404T0,3413601,3415096,1495
MGG_17587,MGG_17587T0,509291,509671,380
MGG_09497,MGG_09497T0,3487285,3489727,2442
MGG_04022,MGG_04022T0,2206080,2207332,1252
MGG_16750,MGG_16750T0,2409262,2410790,1528
MGG_10785,MGG_10785T0,212786,213921,1135
MGG_18035,MGG_18035T0,2480650,2481139,489
MGG_10195,MGG_10195T0,1717641,1720702,3061
MGG_07437,MGG_07437T0,631333,635927,4594
MGG_12863,MGG_12863T0,4249827,4251665,1838
MGG_10268,MGG_10268T0,238606,240750,2144
MGG_09535,MGG_09535T0,3346860,3348614,1754
MGG_02863,MGG_02863T0,1243711,1244982,1271
MGG_01190,MGG_01190T0,2569342,2570840,1498
MGG_04905,MGG_04905T0,3903028,3905788,2760
MGG_07087,MGG_07087T0,6314246,6317667,3421
MGG_03894,MGG_03894T0,2672384,2675403,3019
MGG_07428,MGG_07428T0,598953,600444,1491
MGG_07406,MGG_07406T0,493685,496073,2388
MGG_05693,MGG_05693T0,6139567,6142495,2928
MGG_02907,MGG_02907T0,1072857,1073610,753
MGG_04340,MGG_04340T0,1106703,1109437,2734
MGG_06914,MGG_06914T0,3231848,3233780,1932
MGG_15502,MGG_15502T0,163284,163685,401
MGG_09523,MGG_09523T0,3379444,3392192,12748
MGG_05368,MGG_05368T0,4976766,4978804,2038
MGG_14006,MGG_14006T0,783465,783763,298
MGG_09004,MGG_09004T0,2726237,2728277,2040
MGG_07804,MGG_07804T0,5817806,5818258,452
MGG_04431,MGG_04431T0,783870,787885,4015
MGG_13813,MGG_13813T0,7338613,7339890,1277
MGG_02848,MGG_02848T0,1289779,1290029,250
MGG_10597,MGG_10597T0,2750829,2752200,1371
MGG_00560,MGG_00560T0,2483430,2486162,2732
MGG_15427,MGG_15427T0,4069222,4070234,1012
MGG_05797,MGG_05797T0,3005965,3007992,2027
MGG_15226,MGG_15226T0,2887568,2890552,2984
MGG_06178,MGG_06178T0,2839267,2841239,1972
MGG_17161,MGG_17161T0,3196544,3198041,1497
MGG_01870,MGG_01870T0,5166312,5167914,1602
MGG_02919,MGG_02919T0,1029843,1031216,1373
MGG_07382,MGG_07382T0,389208,392775,3567
MGG_07959,MGG_07959T0,6388106,6388948,842
MGG_16791,MGG_16791T0,3267315,3268583,1268
MGG_16945,MGG_16945T0,5948526,5949351,825
MGG_04108,MGG_04108T0,1934766,1938579,3813
MGG_03468,MGG_03468T0,1762511,1763635,1124
MGG_09944,MGG_09944T0,4435792,4438845,3053
MGG_01584,MGG_01584T0,4095433,4097480,2047
MGG_17597,MGG_17597T0,693804,694086,282
MGG_06639,MGG_06639T0,2235567,2238180,2613
MGG_10118,MGG_10118T0,4578681,4583075,4394
MGG_05957,MGG_05957T0,2111860,2113178,1318
MGG_02348,MGG_02348T0,1491590,1495633,4043
MGG_17403,MGG_17403T0,2205267,2205932,665
MGG_13447,MGG_13447T0,1439444,1442373,2929
MGG_08170,MGG_08170T0,5934640,5937385,2745
MGG_03259,MGG_03259T0,2503628,2503978,350
MGG_03130,MGG_03130T0,2971139,2974586,3447
MGG_00456,MGG_00456T0,2829801,2835553,5752
MGG_05172,MGG_05172T0,4836911,4838469,1558
MGG_01494,MGG_01494T0,3772591,3775131,2540
MGG_09551,MGG_09551T0,3304310,3308913,4603
MGG_16479,MGG_16479T0,6606045,6606851,806
MGG_10709,MGG_10709T0,3754014,3755956,1942
MGG_10973,MGG_10973T0,290906,291859,953
MGG_07136,MGG_07136T0,6498520,6501715,3195
MGG_02581,MGG_02581T0,2304849,2305391,542
MGG_10648,MGG_10648T0,4530873,4533285,2412
MGG_03928,MGG_03928T0,2533318,2534593,1275
MGG_17703,MGG_17703T0,2137418,2138906,1488
MGG_10035,MGG_10035T0,4858313,4860138,1825
MGG_01338,MGG_01338T0,3157473,3161316,3843
MGG_01127,MGG_01127T0,412665,416357,3692
MGG_17405,MGG_17405T0,2227187,2227455,268
MGG_10857,MGG_10857T0,6502815,6508012,5197
MGG_01467,MGG_01467T0,3647485,3650938,3453
MGG_08305,MGG_08305T0,7930324,7932065,1741
MGG_12590,MGG_12590T0,1429719,1433723,4004
MGG_16108,MGG_16108T0,1598772,1599379,607
MGG_06948,MGG_06948T0,3341803,3343267,1464
MGG_15554,MGG_15554T0,1219396,1221978,2582
MGG_06184,MGG_06184T0,2857328,2859272,1944
MGG_09903,MGG_09903T0,4283360,4284920,1560
MGG_16677,MGG_16677T0,1353360,1353822,462
MGG_07643,MGG_07643T0,1307547,1308798,1251
MGG_13771,MGG_13771T0,6884480,6885240,760
MGG_13806,MGG_13806T0,7211802,7214415,2613
MGG_04576,MGG_04576T0,1023252,1025116,1864
MGG_14375,MGG_14375T0,528666,529618,952
MGG_09173,MGG_09173T0,3617838,3619404,1566
MGG_09425,MGG_09425T0,3325865,3326335,470
MGG_05915,MGG_05915T0,1928038,1929182,1144
MGG_05807,MGG_05807T0,3039721,3041648,1927
MGG_07095,MGG_07095T0,6340439,6343217,2778
MGG_00166,MGG_00166T0,3883740,3884843,1103
MGG_13473,MGG_13473T0,924816,925154,338
MGG_05891,MGG_05891T1,1849042,1852015,2973
MGG_05891,MGG_05891T0,1848693,1852172,3479
MGG_02295,MGG_02295T0,1291239,1292700,1461
MGG_16446,MGG_16446T0,6177164,6178501,1337
MGG_16614,MGG_16614T0,466545,467007,462
MGG_15534,MGG_15534T0,707571,709684,2113
MGG_06678,MGG_06678T0,2362559,2365510,2951
MGG_00281,MGG_00281T0,3433484,3434173,689
MGG_15781,MGG_15781T0,5016418,5016930,512
MGG_08631,MGG_08631T0,7620606,7621854,1248
MGG_16471,MGG_16471T0,6486067,6487293,1226
MGG_13559,MGG_13559T0,1910018,1910707,689
MGG_16238,MGG_16238T0,3550578,3550995,417
MGG_13467,MGG_13467T0,845734,848679,2945
MGG_01523,MGG_01523T0,3896688,3899787,3099
MGG_16909,MGG_16909T0,5516405,5516658,253
MGG_01398,MGG_01398T0,3400558,3402894,2336
MGG_04972,MGG_04972T0,4122001,4123335,1334
MGG_02900,MGG_02900T0,1093927,1097528,3601
MGG_03177,MGG_03177T0,2799447,2800723,1276
MGG_08205,MGG_08205T0,6063056,6064796,1740
MGG_00681,MGG_00681T0,2031620,2033762,2142
MGG_16841,MGG_16841T0,4330165,4331212,1047
MGG_10453,MGG_10453T0,289697,291054,1357
MGG_03595,MGG_03595T0,1337665,1341857,4192
MGG_18064,MGG_18064T0,2962306,2963103,797
MGG_08019,MGG_08019T1,5435492,5437711,2219
MGG_08019,MGG_08019T0,5435492,5437711,2219
MGG_09290,MGG_09290T0,4117743,4119143,1400
MGG_06510,MGG_06510T0,3478517,3479987,1470
MGG_04449,MGG_04449T0,834225,837677,3452
MGG_03866,MGG_03866T0,2784675,2785500,825
MGG_10932,MGG_10932T0,158646,160911,2265
MGG_00289,MGG_00289T0,3396743,3399392,2649
MGG_03269,MGG_03269T0,2455587,2460536,4949
MGG_14068,MGG_14068T0,441356,443579,2223
MGG_13607,MGG_13607T0,4902136,4914092,11956
MGG_04516,MGG_04516T0,880061,881672,1611
MGG_01753,MGG_01753T0,4706672,4709336,2664
MGG_15879,MGG_15879T0,6755376,6757141,1765
MGG_11124,MGG_11124T0,5111678,5113603,1925
MGG_05506,MGG_05506T0,5458880,5460496,1616
MGG_02886,MGG_02886T0,1143681,1145446,1765
MGG_05344,MGG_05344T0,4886160,4887074,914
MGG_00458,MGG_00458T0,2822681,2823709,1028
MGG_16522,MGG_16522T0,7316911,7318317,1406
MGG_14133,MGG_14133T0,183572,188911,5339
MGG_03811,MGG_03811T0,2962768,2964666,1898
MGG_07534,MGG_07534T0,944585,946933,2348
MGG_15339,MGG_15339T1,5412430,5416943,4513
MGG_15339,MGG_15339T0,5413242,5417499,4257
MGG_15866,MGG_15866T0,6601075,6603228,2153
MGG_06780,MGG_06780T0,2719457,2721939,2482
MGG_15904,MGG_15904T0,7243782,7244125,343
MGG_09992,MGG_09992T0,5028915,5030399,1484
MGG_03753,MGG_03753T0,3172966,3174790,1824
MGG_01525,MGG_01525T0,3901690,3902486,796
MGG_00264,MGG_00264T0,3479498,3481202,1704
MGG_05106,MGG_05106T0,4617176,4619296,2120
MGG_13129,MGG_13129T0,5776554,5778868,2314
MGG_06322,MGG_06322T0,4160666,4162489,1823
MGG_15753,MGG_15753T0,4403813,4409120,5307
MGG_04993,MGG_04993T0,4201012,4203356,2344
MGG_07054,MGG_07054T0,6203533,6205163,1630
MGG_06748,MGG_06748T0,2590700,2593793,3093
MGG_01445,MGG_01445T0,3551195,3552450,1255
MGG_07848,MGG_07848T0,6014876,6019324,4448
MGG_07576,MGG_07576T0,1088829,1090422,1593
MGG_04780,MGG_04780T0,6721311,6726915,5604
MGG_04780,MGG_04780T1,6721311,6726809,5498
MGG_06276,MGG_06276T0,4324844,4327432,2588
MGG_16613,MGG_16613T0,459466,459928,462
MGG_00957,MGG_00957T0,1003175,1005911,2736
MGG_18001,MGG_18001T0,1996979,1997261,282
MGG_12988,MGG_12988T0,3587439,3590575,3136
MGG_07962,MGG_07962T0,6396822,6398611,1789
MGG_08129,MGG_08129T0,5789173,5791887,2714
MGG_09237,MGG_09237T0,3873309,3874677,1368
MGG_05224,MGG_05224T0,5046777,5051031,4254
MGG_11505,MGG_11505T0,1941912,1943784,1872
MGG_07454,MGG_07454T0,694493,697243,2750
MGG_12131,MGG_12131T0,2198496,2203019,4523
MGG_01575,MGG_01575T0,4062798,4064128,1330
MGG_01297,MGG_01297T0,3015140,3016543,1403
MGG_15819,MGG_15819T0,5748231,5748992,761
MGG_14936,MGG_14936T0,2738825,2740113,1288
MGG_17923,MGG_17923T0,997664,998162,498
MGG_02535,MGG_02535T0,2463557,2466885,3328
MGG_17750,MGG_17750T0,3010028,3011999,1971
MGG_16608,MGG_16608T0,410629,411540,911
MGG_02331,MGG_02331T0,1431571,1433075,1504
MGG_00213,MGG_00213T0,3658396,3659641,1245
MGG_17823,MGG_17823T0,3738726,3740958,2232
MGG_00671,MGG_00671T0,2066670,2069062,2392
MGG_02182,MGG_02182T0,868725,869287,562
MGG_01448,MGG_01448T0,3568038,3570266,2228
MGG_16273,MGG_16273T0,4086615,4087746,1131
MGG_03937,MGG_03937T0,2510355,2514661,4306
MGG_03879,MGG_03879T0,2726730,2729292,2562
MGG_15889,MGG_15889T0,6982272,6982555,283
MGG_17893,MGG_17893T0,693157,693555,398
MGG_08253,MGG_08253T0,8103281,8104499,1218
MGG_09264,MGG_09264T0,3985107,3987208,2101
MGG_12955,MGG_12955T0,4281918,4284545,2627
MGG_16707,MGG_16707T1,1746822,1748733,1911
MGG_16707,MGG_16707T0,1747288,1748744,1456
MGG_15551,MGG_15551T0,1174136,1174441,305
MGG_05662,MGG_05662T0,6026510,6028054,1544
MGG_16930,MGG_16930T0,5789358,5790268,910
MGG_12948,MGG_12948T0,4475874,4477587,1713
MGG_07926,MGG_07926T0,6272367,6273930,1563
MGG_16598,MGG_16598T0,268734,269196,462
MGG_09720,MGG_09720T0,5391000,5393061,2061
MGG_09129,MGG_09129T0,99021,102400,3379
MGG_08966,MGG_08966T0,2303982,2305429,1447
MGG_15019,MGG_15019T0,1924387,1927355,2968
MGG_02472,MGG_02472T0,1983390,1984202,812
MGG_02417,MGG_02417T0,1770206,1772800,2594
MGG_00400,MGG_00400T0,3002901,3003981,1080
MGG_17558,MGG_17558T0,18458,20676,2218
MGG_14836,MGG_14836T0,4571953,4572867,914
MGG_08919,MGG_08919T0,2113635,2118509,4874
MGG_03721,MGG_03721T0,919644,922020,2376
MGG_06874,MGG_06874T0,3085442,3087895,2453
MGG_02042,MGG_02042T0,347808,351037,3229
MGG_07606,MGG_07606T0,1190390,1194036,3646
MGG_07606,MGG_07606T1,1190390,1193908,3518
MGG_05701,MGG_05701T0,6170426,6171351,925
MGG_17221,MGG_17221T0,4563020,4563580,560
MGG_05457,MGG_05457T0,5282377,5287625,5248
MGG_01802,MGG_01802T0,4883333,4887469,4136
MGG_00144,MGG_00144T0,3958937,3960496,1559
MGG_03236,MGG_03236T0,2593573,2595420,1847
MGG_17346,MGG_17346T0,1191084,1191501,417
MGG_03238,MGG_03238T0,2588595,2591049,2454
MGG_01778,MGG_01778T0,4795857,4799722,3865
MGG_00339,MGG_00339T0,3202503,3204622,2119
MGG_11589,MGG_11589T0,3119294,3120251,957
MGG_08083,MGG_08083T0,5624976,5627330,2354
MGG_03152,MGG_03152T0,2876034,2877684,1650
MGG_13659,MGG_13659T0,5481891,5483731,1840
MGG_08498,MGG_08498T0,428031,429788,1757
MGG_01270,MGG_01270T0,2910107,2911513,1406
MGG_00760,MGG_00760T0,1734331,1740133,5802
MGG_05982,MGG_05982T0,2181627,2183370,1743
MGG_14628,MGG_14628T0,4194823,4196629,1806
MGG_01550,MGG_01550T0,3979930,3982486,2556
MGG_15975,MGG_15975T0,8242418,8243426,1008
MGG_09759,MGG_09759T0,5285640,5286498,858
MGG_13248,MGG_13248T0,2056336,2056799,463
MGG_04057,MGG_04057T0,2098000,2099239,1239
MGG_02645,MGG_02645T0,2081376,2081903,527
MGG_02708,MGG_02708T0,1788506,1789749,1243
MGG_09608,MGG_09608T0,3238738,3241526,2788
MGG_14623,MGG_14623T0,67581,69499,1918
MGG_04311,MGG_04311T0,1216591,1218196,1605
MGG_15605,MGG_15605T0,2036299,2037104,805
MGG_10109,MGG_10109T0,4614286,4615255,969
MGG_15731,MGG_15731T0,4020270,4022368,2098
MGG_05381,MGG_05381T0,5025475,5027025,1550
MGG_08476,MGG_08476T0,359654,361122,1468
MGG_14690,MGG_14690T0,3070013,3071905,1892
MGG_17519,MGG_17519T0,3848063,3848410,347
MGG_10473,MGG_10473T0,356320,357879,1559
MGG_15693,MGG_15693T0,3452172,3452902,730
MGG_02854,MGG_02854T0,1263459,1265369,1910
MGG_06924,MGG_06924T0,3272476,3274821,2345
MGG_16563,MGG_16563T0,7890026,7890488,462
MGG_10103,MGG_10103T0,4639417,4641212,1795
MGG_13624,MGG_13624T0,5036273,5042359,6086
MGG_12986,MGG_12986T0,3612139,3614717,2578
MGG_05353,MGG_05353T0,4916822,4918649,1827
MGG_17047,MGG_17047T0,795506,796438,932
MGG_09102,MGG_09102T0,174766,176717,1951
MGG_06326,MGG_06326T0,4147885,4149195,1310
MGG_05716,MGG_05716T0,6227956,6228759,803
MGG_16998,MGG_16998T0,12695,13656,961
MGG_09239,MGG_09239T0,3881574,3884169,2595
MGG_12708,MGG_12708T0,2021545,2022399,854
MGG_06026,MGG_06026T0,2319053,2322013,2960
MGG_10463,MGG_10463T0,324161,326147,1986
MGG_07086,MGG_07086T0,6311919,6313694,1775
MGG_05004,MGG_05004T0,4270650,4274492,3842
MGG_00440,MGG_00440T0,2888371,2890892,2521
MGG_12999,MGG_12999T0,3392399,3396022,3623
MGG_01386,MGG_01386T0,3355992,3358062,2070
MGG_15183,MGG_15183T0,118654,120710,2056
MGG_13191,MGG_13191T0,2824382,2826211,1829
MGG_02431,MGG_02431T0,1835091,1835599,508
MGG_02899,MGG_02899T0,1098315,1101111,2796
MGG_02097,MGG_02097T0,557648,560290,2642
MGG_16477,MGG_16477T0,6575222,6580194,4972
MGG_00161,MGG_00161T0,3902695,3905216,2521
MGG_16045,MGG_16045T0,789136,789760,624
MGG_17263,MGG_17263T0,5179290,5180531,1241
MGG_15774,MGG_15774T0,4914566,4916455,1889
MGG_10076,MGG_10076T0,4718812,4720601,1789
MGG_17873,MGG_17873T0,423621,424716,1095
MGG_09361,MGG_09361T0,3553150,3554263,1113
MGG_08715,MGG_08715T0,365011,365424,413
MGG_10458,MGG_10458T0,306310,307326,1016
MGG_14211,MGG_14211T0,163418,163798,380
MGG_15336,MGG_15336T0,5307631,5308066,435
MGG_09856,MGG_09856T0,3870535,3873273,2738
MGG_01456,MGG_01456T0,3588548,3590967,2419
MGG_10730,MGG_10730T0,112640,116736,4096
MGG_02305,MGG_02305T0,1314944,1316362,1418
MGG_09666,MGG_09666T0,3021862,3022329,467
MGG_08559,MGG_08559T0,665256,666611,1355
MGG_16188,MGG_16188T0,2953306,2954274,968
MGG_06249,MGG_06249T0,4409443,4410940,1497
MGG_15631,MGG_15631T0,2489083,2489373,290
MGG_08122,MGG_08122T0,5767829,5771135,3306
MGG_16835,MGG_16835T0,4051672,4054251,2579
MGG_09048,MGG_09048T0,2564177,2568158,3981
MGG_09431,MGG_09431T0,3304013,3305431,1418
MGG_07800,MGG_07800T0,5799976,5802556,2580
MGG_00600,MGG_00600T0,2346373,2347261,888
MGG_02879,MGG_02879T0,1171651,1175529,3878
MGG_13049,MGG_13049T0,5122708,5123676,968
MGG_03841,MGG_03841T0,2861600,2868072,6472
MGG_08689,MGG_08689T0,453143,458210,5067
MGG_00826,MGG_00826T0,1485588,1487125,1537
MGG_04446,MGG_04446T0,829518,831767,2249
MGG_15930,MGG_15930T0,7660745,7661881,1136
MGG_14563,MGG_14563T0,3460563,3467097,6534
MGG_11072,MGG_11072T0,469929,471024,1095
MGG_06288,MGG_06288T0,4272332,4274012,1680
MGG_05551,MGG_05551T0,5603730,5605260,1530
MGG_13020,MGG_13020T0,4945906,4948275,2369
MGG_15735,MGG_15735T0,4064443,4065505,1062
MGG_04334,MGG_04334T0,1141862,1144003,2141
MGG_17756,MGG_17756T0,3056241,3056546,305
MGG_11385,MGG_11385T0,988932,991379,2447
MGG_09349,MGG_09349T0,3598975,3600612,1637
MGG_11914,MGG_11914T0,1759519,1762050,2531
MGG_02009,MGG_02009T0,216482,219811,3329
MGG_15250,MGG_15250T0,5750920,5753430,2510
MGG_13441,MGG_13441T0,1282426,1284166,1740
MGG_04387,MGG_04387T0,714384,716788,2404
MGG_15254,MGG_15254T0,5901496,5901793,297
MGG_14118,MGG_14118T0,387852,391066,3214
MGG_08821,MGG_08821T0,1763685,1766694,3009
MGG_16145,MGG_16145T0,2262409,2263673,1264
MGG_09304,MGG_09304T0,4157231,4158608,1377
MGG_16925,MGG_16925T0,5717331,5719025,1694
MGG_16925,MGG_16925T1,5717331,5719142,1811
MGG_16547,MGG_16547T0,7778184,7778896,712
MGG_08499,MGG_08499T0,430786,433151,2365
MGG_07325,MGG_07325T0,7264363,7265928,1565
MGG_02770,MGG_02770T0,1581954,1583482,1528
MGG_04975,MGG_04975T0,4132905,4134639,1734
MGG_08458,MGG_08458T0,284764,286230,1466
MGG_01304,MGG_01304T0,3040891,3043151,2260
MGG_00227,MGG_00227T0,3599083,3600433,1350
MGG_15981,MGG_15981T0,8295137,8295619,482
MGG_15518,MGG_15518T0,313468,314314,846
MGG_00734,MGG_00734T0,1829235,1830105,870
MGG_03722,MGG_03722T0,915927,918929,3002
MGG_12276,MGG_12276T0,5650112,5653641,3529
MGG_16346,MGG_16346T0,5061077,5061559,482
MGG_04432,MGG_04432T0,789547,791780,2233
MGG_17751,MGG_17751T0,3014698,3015105,407
MGG_06680,MGG_06680T0,2372712,2375424,2712
MGG_02180,MGG_02180T0,864636,865555,919
MGG_05654,MGG_05654T0,5990551,5993726,3175
MGG_10115,MGG_10115T0,4593218,4596030,2812
MGG_16001,MGG_16001T0,255727,257813,2086
MGG_11511,MGG_11511T0,2005598,2007108,1510
MGG_09167,MGG_09167T0,12317,14977,2660
MGG_06080,MGG_06080T0,2510477,2512522,2045
MGG_01361,MGG_01361T0,3248124,3249959,1835
MGG_18042,MGG_18042T0,2536311,2537567,1256
MGG_16671,MGG_16671T0,1325933,1326292,359
MGG_02836,MGG_02836T0,1336514,1339040,2526
MGG_09589,MGG_09589T0,3303262,3315155,11893
MGG_17040,MGG_17040T0,661453,662582,1129
MGG_15550,MGG_15550T0,1158869,1160180,1311
MGG_09553,MGG_09553T0,3293666,3301051,7385
MGG_08622,MGG_08622T0,7597429,7600149,2720
MGG_05553,MGG_05553T0,5611773,5613589,1816
MGG_01305,MGG_01305T0,3045456,3046866,1410
MGG_17766,MGG_17766T0,3189077,3189418,341
MGG_04379,MGG_04379T0,690189,690704,515
MGG_05346,MGG_05346T0,4893348,4895038,1690
MGG_17541,MGG_17541T0,4217930,4218657,727
MGG_12958,MGG_12958T0,4220800,4225271,4471
MGG_10632,MGG_10632T0,6567002,6569875,2873
MGG_07777,MGG_07777T0,5732796,5735641,2845
MGG_01011,MGG_01011T0,830900,832889,1989
MGG_02106,MGG_02106T0,580255,580862,607
MGG_09791,MGG_09791T0,4113057,4113958,901
MGG_15638,MGG_15638T0,2609708,2610218,510
MGG_17163,MGG_17163T0,3233268,3233991,723
MGG_10655,MGG_10655T0,4555503,4557644,2141
MGG_14612,MGG_14612T0,268215,271171,2956
MGG_13715,MGG_13715T0,654811,656594,1783
MGG_00461,MGG_00461T0,2817170,2818768,1598
MGG_09520,MGG_09520T0,3404532,3406157,1625
MGG_08999,MGG_08999T0,2414047,2414601,554
MGG_04536,MGG_04536T1,949796,954147,4351
MGG_04536,MGG_04536T0,949796,954147,4351
MGG_15150,MGG_15150T0,5631875,5632201,326
MGG_14000,MGG_14000T0,671865,673006,1141
MGG_02192,MGG_02192T0,908134,910773,2639
MGG_07712,MGG_07712T0,5500950,5502099,1149
MGG_07599,MGG_07599T0,1159093,1160486,1393
MGG_01701,MGG_01701T0,4511588,4513970,2382
MGG_03848,MGG_03848T0,2833631,2837057,3426
MGG_15420,MGG_15420T0,7870527,7871132,605
MGG_10878,MGG_10878T0,756574,758556,1982
MGG_01201,MGG_01201T0,2625467,2628747,3280
MGG_17079,MGG_17079T0,1566320,1569024,2704
MGG_17041,MGG_17041T0,677072,679324,2252
MGG_14916,MGG_14916T0,1978371,1981335,2964
MGG_10325,MGG_10325T0,103569,105531,1962
MGG_00591,MGG_00591T0,2380446,2382630,2184
MGG_15571,MGG_15571T0,1425636,1426150,514
MGG_14748,MGG_14748T0,1443415,1445767,2352
MGG_07850,MGG_07850T0,6020555,6021618,1063
MGG_12213,MGG_12213T0,1172755,1175104,2349
MGG_17268,MGG_17268T0,5238875,5239337,462
MGG_15944,MGG_15944T0,7846858,7847320,462
MGG_15553,MGG_15553T0,1218013,1219470,1457
MGG_09002,MGG_09002T0,2733270,2734082,812
MGG_15207,MGG_15207T0,962815,963444,629
MGG_10234,MGG_10234T0,368591,369268,677
MGG_14117,MGG_14117T0,391560,393347,1787
MGG_12843,MGG_12843T0,3871954,3873983,2029
MGG_02403,MGG_02403T0,1727411,1729998,2587
MGG_02403,MGG_02403T1,1727411,1729891,2480
MGG_16264,MGG_16264T0,3984418,3984910,492
MGG_04258,MGG_04258T0,1395129,1396169,1040
MGG_08059,MGG_08059T0,5558572,5560115,1543
MGG_17600,MGG_17600T0,718592,719054,462
MGG_02710,MGG_02710T0,1785315,1786350,1035
MGG_16444,MGG_16444T0,6152574,6156775,4201
MGG_02565,MGG_02565T0,2366665,2368305,1640
MGG_05936,MGG_05936T0,2034515,2036081,1566
MGG_02948,MGG_02948T0,888347,890123,1776
MGG_04425,MGG_04425T0,755285,756940,1655
MGG_12546,MGG_12546T0,743157,743718,561
MGG_02739,MGG_02739T0,1698595,1699863,1268
MGG_13891,MGG_13891T0,6116831,6121464,4633
MGG_15804,MGG_15804T0,5458688,5459193,505
MGG_01031,MGG_01031T0,740787,741729,942
MGG_16921,MGG_16921T0,5644610,5645532,922
MGG_03004,MGG_03004T0,680443,683793,3350
MGG_02620,MGG_02620T0,2174466,2175955,1489
MGG_04938,MGG_04938T0,4012769,4013911,1142
MGG_05628,MGG_05628T0,5896994,5898818,1824
MGG_16611,MGG_16611T0,436248,437399,1151
MGG_18046,MGG_18046T0,2705682,2708333,2651
MGG_12029,MGG_12029T0,3338428,3339146,718
MGG_01763,MGG_01763T0,4751249,4752472,1223
MGG_06929,MGG_06929T0,3287023,3289084,2061
MGG_15709,MGG_15709T0,3712707,3713839,1132
MGG_08875,MGG_08875T0,1948596,1952149,3553
MGG_15710,MGG_15710T0,3714581,3714956,375
MGG_17912,MGG_17912T0,921700,922254,554
MGG_10007,MGG_10007T0,4971057,4971374,317
MGG_17908,MGG_17908T0,858170,860016,1846
MGG_01199,MGG_01199T0,2618655,2619662,1007
MGG_11371,MGG_11371T0,1245200,1249631,4431
MGG_10004,MGG_10004T0,4985797,4986204,407
MGG_05252,MGG_05252T0,5158690,5160328,1638
MGG_14705,MGG_14705T0,3395249,3395515,266
MGG_02468,MGG_02468T0,1974193,1977610,3417
MGG_07810,MGG_07810T0,5842448,5843014,566
MGG_00729,MGG_00729T0,1859931,1863504,3573
MGG_16028,MGG_16028T0,471934,472230,296
MGG_06411,MGG_06411T0,3833955,3835860,1905
MGG_12939,MGG_12939T0,4631971,4634152,2181
MGG_01034,MGG_01034T0,731458,736941,5483
MGG_05666,MGG_05666T0,6041302,6047775,6473
MGG_17578,MGG_17578T0,292358,294449,2091
MGG_15199,MGG_15199T0,584709,585190,481
MGG_17804,MGG_17804T0,3615856,3616104,248
MGG_01544,MGG_01544T0,3962367,3964603,2236
MGG_04128,MGG_04128T0,1855227,1857689,2462
MGG_04209,MGG_04209T0,1570845,1573818,2973
MGG_01453,MGG_01453T0,3582268,3584865,2597
MGG_16715,MGG_16715T0,1936114,1936579,465
MGG_01631,MGG_01631T0,4271783,4274696,2913
MGG_08119,MGG_08119T0,5759215,5760203,988
MGG_00239,MGG_00239T0,3559326,3563429,4103
MGG_16302,MGG_16302T0,4456174,4458096,1922
MGG_15724,MGG_15724T0,3872497,3874160,1663
MGG_17493,MGG_17493T0,3532241,3533576,1335
MGG_08026,MGG_08026T0,5460547,5461584,1037
MGG_06765,MGG_06765T0,2641303,2644035,2732
MGG_00134,MGG_00134T0,4014666,4019641,4975
MGG_16721,MGG_16721T0,2100518,2103292,2774
MGG_04903,MGG_04903T0,3898631,3901671,3040
MGG_16514,MGG_16514T0,7162968,7163633,665
MGG_12424,MGG_12424T0,7426409,7430126,3717
MGG_04790,MGG_04790T0,1425916,1432548,6632
MGG_04058,MGG_04058T0,2095147,2096958,1811
MGG_04440,MGG_04440T0,811801,814921,3120
MGG_01625,MGG_01625T0,4240903,4261245,20342
MGG_01625,MGG_01625T1,4240903,4261245,20342
MGG_04415,MGG_04415T0,748016,750708,2692
MGG_07340,MGG_07340T0,7320091,7323801,3710
MGG_00360,MGG_00360T0,3129591,3132104,2513
MGG_03520,MGG_03520T0,1610620,1611102,482
MGG_13209,MGG_13209T0,2599532,2600974,1442
MGG_04646,MGG_04646T0,1125073,1128149,3076
MGG_04501,MGG_04501T0,7291654,7294308,2654
MGG_02482,MGG_02482T0,2027674,2031105,3431
MGG_03643,MGG_03643T0,1151711,1156702,4991
MGG_12308,MGG_12308T0,5970828,5973744,2916
MGG_00433,MGG_00433T0,2909451,2910065,614
MGG_10578,MGG_10578T0,2836184,2838072,1888
MGG_09912,MGG_09912T0,4314889,4317730,2841
MGG_14736,MGG_14736T0,577881,581091,3210
MGG_08802,MGG_08802T0,73076,74679,1603
MGG_02372,MGG_02372T0,1580505,1581438,933
MGG_06332,MGG_06332T0,4126746,4127997,1251
MGG_16508,MGG_16508T0,7007839,7008411,572
MGG_10189,MGG_10189T0,1696209,1698943,2734
MGG_03339,MGG_03339T0,2210403,2211259,856
MGG_04120,MGG_04120T0,1884327,1887178,2851
MGG_09149,MGG_09149T0,304000,307126,3126
MGG_08525,MGG_08525T0,515355,517281,1926
MGG_11928,MGG_11928T0,1623806,1624370,564
MGG_10621,MGG_10621T0,6546761,6548342,1581
MGG_18068,MGG_18068T0,2991310,2991615,305
MGG_15050,MGG_15050T0,2686632,2688102,1470
MGG_05459,MGG_05459T0,5288486,5293603,5117
MGG_17274,MGG_17274T0,5331546,5332809,1263
MGG_17274,MGG_17274T1,5331546,5332809,1263
MGG_08933,MGG_08933T0,2164748,2167087,2339
MGG_12043,MGG_12043T0,3184955,3185334,379
MGG_05817,MGG_05817T0,3068261,3070441,2180
MGG_00815,MGG_00815T0,1514892,1515896,1004
MGG_05194,MGG_05194T0,4911673,4913230,1557
MGG_02568,MGG_02568T0,2358944,2359727,783
MGG_12175,MGG_12175T0,1550368,1566815,16447
MGG_06950,MGG_06950T0,3346539,3348326,1787
MGG_12387,MGG_12387T0,6967291,6968804,1513
MGG_04725,MGG_04725T0,6866723,6868975,2252
MGG_08340,MGG_08340T0,7775321,7778321,3000
MGG_01592,MGG_01592T0,4116934,4118984,2050
MGG_09740,MGG_09740T0,5340274,5340816,542
MGG_01370,MGG_01370T0,3288275,3291422,3147
MGG_08752,MGG_08752T0,254623,256379,1756
MGG_08309,MGG_08309T0,7917783,7922704,4921
MGG_06498,MGG_06498T0,3514884,3516537,1653
MGG_02775,MGG_02775T0,1555435,1557593,2158
MGG_00485,MGG_00485T0,2742465,2746611,4146
MGG_13926,MGG_13926T0,6391457,6393443,1986
MGG_10383,MGG_10383T0,463590,465486,1896
MGG_03635,MGG_03635T0,1178826,1179938,1112
MGG_17783,MGG_17783T0,3343685,3344084,399
MGG_17242,MGG_17242T0,4876045,4876507,462
MGG_09468,MGG_09468T0,3577094,3578558,1464
MGG_03871,MGG_03871T0,2759775,2762676,2901
MGG_00420,MGG_00420T0,2943485,2945172,1687
MGG_13529,MGG_13529T0,1438433,1439244,811
MGG_03055,MGG_03055T0,473903,477212,3309
MGG_00919,MGG_00919T0,1142856,1145341,2485
MGG_16280,MGG_16280T0,4199684,4200146,462
MGG_08952,MGG_08952T0,2256852,2258736,1884
MGG_08824,MGG_08824T0,1771219,1772612,1393
MGG_17690,MGG_17690T0,1973312,1976466,3154
MGG_16306,MGG_16306T0,4570560,4570859,299
MGG_03021,MGG_03021T0,627419,629833,2414
MGG_07858,MGG_07858T0,6042642,6057224,14582
MGG_07278,MGG_07278T0,7074402,7076823,2421
MGG_04201,MGG_04201T0,1612482,1614262,1780
MGG_16834,MGG_16834T0,4049286,4051736,2450
MGG_16513,MGG_16513T0,7121704,7123187,1483
MGG_14722,MGG_14722T0,4384113,4387183,3070
MGG_15925,MGG_15925T0,7583408,7583809,401
MGG_06248,MGG_06248T0,4410684,4412871,2187
MGG_15629,MGG_15629T0,2456936,2457205,269
MGG_15335,MGG_15335T0,5290759,5292082,1323
MGG_05342,MGG_05342T0,4876629,4878268,1639
MGG_04686,MGG_04686T0,6953078,6955722,2644
MGG_15837,MGG_15837T0,6098698,6100310,1612
MGG_09834,MGG_09834T0,3962712,3967309,4597
MGG_00682,MGG_00682T0,2010960,2011656,696
MGG_17762,MGG_17762T0,3125654,3126202,548
MGG_12098,MGG_12098T0,2592187,2594583,2396
MGG_11525,MGG_11525T0,2056284,2057651,1367
MGG_09081,MGG_09081T0,83808,85601,1793
MGG_15038,MGG_15038T0,331164,335062,3898
MGG_06492,MGG_06492T0,3543933,3548359,4426
MGG_09917,MGG_09917T0,4330241,4334666,4425
MGG_16999,MGG_16999T0,28002,29561,1559
MGG_14835,MGG_14835T0,4586341,4588739,2398
MGG_00565,MGG_00565T0,2473893,2474678,785
MGG_10699,MGG_10699T0,3782292,3784004,1712
MGG_17815,MGG_17815T0,3697047,3697368,321
MGG_07461,MGG_07461T0,724780,728355,3575
MGG_10500,MGG_10500T0,434009,435382,1373
MGG_16573,MGG_16573T0,7932777,7934063,1286
MGG_14116,MGG_14116T0,397340,398240,900
MGG_03990,MGG_03990T0,2314243,2316992,2749
MGG_08066,MGG_08066T0,5581584,5582342,758
MGG_16824,MGG_16824T0,3928528,3929284,756
MGG_04418,MGG_04418T0,7439329,7441657,2328
MGG_16118,MGG_16118T0,1715305,1715536,231
MGG_09861,MGG_09861T0,3856455,3858981,2526
MGG_07012,MGG_07012T0,3572442,3575372,2930
MGG_06451,MGG_06451T0,3686882,3688484,1602
MGG_17209,MGG_17209T0,4507971,4508531,560
MGG_18133,MGG_18133T0,462889,465392,2503
MGG_07083,MGG_07083T0,6294165,6298081,3916
MGG_06669,MGG_06669T0,2328842,2330351,1509
MGG_05881,MGG_05881T0,1819176,1821500,2324
MGG_00046,MGG_00046T0,4307751,4310782,3031
MGG_12864,MGG_12864T0,4274461,4276327,1866
MGG_10056,MGG_10056T0,4783172,4784861,1689
MGG_12760,MGG_12760T0,2750403,2753164,2761
MGG_12760,MGG_12760T1,2750983,2753164,2181
MGG_02624,MGG_02624T0,2161374,2162992,1618
MGG_04955,MGG_04955T0,4060584,4062092,1508
MGG_15248,MGG_15248T0,5592661,5597563,4902
MGG_09408,MGG_09408T1,3375533,3384194,8661
MGG_09408,MGG_09408T2,3375533,3384194,8661
MGG_09408,MGG_09408T0,3375533,3384194,8661
MGG_06724,MGG_06724T0,2515605,2517461,1856
MGG_04974,MGG_04974T0,4127143,4128289,1146
MGG_16778,MGG_16778T0,3101089,3102411,1322
MGG_06009,MGG_06009T0,2267969,2269471,1502
MGG_17863,MGG_17863T0,213539,214136,597
MGG_08626,MGG_08626T1,7606800,7608424,1624
MGG_08626,MGG_08626T0,7606614,7608859,2245
MGG_13874,MGG_13874T0,5953047,5954873,1826
MGG_01412,MGG_01412T0,3435411,3436958,1547
MGG_14742,MGG_14742T0,1133436,1136363,2927
MGG_13679,MGG_13679T0,253687,254178,491
MGG_18090,MGG_18090T0,3288163,3288918,755
MGG_13563,MGG_13563T0,1933088,1934373,1285
MGG_06636,MGG_06636T0,2212732,2214256,1524
MGG_12473,MGG_12473T0,7942822,7946226,3404
MGG_05984,MGG_05984T0,2188230,2190640,2410
MGG_16191,MGG_16191T0,3007337,3007567,230
MGG_14622,MGG_14622T0,70306,70817,511
MGG_09969,MGG_09969T0,5117863,5119635,1772
MGG_06155,MGG_06155T0,2760379,2764152,3773
MGG_09695,MGG_09695T0,5479662,5481002,1340
MGG_15296,MGG_15296T0,7349847,7350670,823
MGG_09503,MGG_09503T0,3463445,3465390,1945
MGG_04114,MGG_04114T0,1919613,1921911,2298
MGG_06148,MGG_06148T0,2739890,2743374,3484
MGG_16642,MGG_16642T0,718028,718571,543
MGG_00589,MGG_00589T0,2387183,2388975,1792
MGG_12606,MGG_12606T0,1774888,1776721,1833
MGG_15769,MGG_15769T0,4870469,4873003,2534
MGG_06261,MGG_06261T0,4360428,4365533,5105
MGG_13291,MGG_13291T0,1752542,1755621,3079
MGG_05927,MGG_05927T0,1992154,1993493,1339
MGG_02939,MGG_02939T0,933476,937856,4380
MGG_17790,MGG_17790T0,3452146,3452754,608
MGG_17492,MGG_17492T0,3522307,3525277,2970
MGG_08677,MGG_08677T0,7774045,7775187,1142
MGG_04325,MGG_04325T0,1174718,1177273,2555
MGG_02944,MGG_02944T0,901484,906628,5144
MGG_14340,MGG_14340T0,4763439,4764473,1034
MGG_06078,MGG_06078T0,2501141,2503512,2371
MGG_03327,MGG_03327T0,2244869,2246989,2120
MGG_12733,MGG_12733T0,2434387,2435886,1499
MGG_05652,MGG_05652T0,5983799,5989432,5633
MGG_16708,MGG_16708T0,1771473,1771735,262
MGG_03599,MGG_03599T0,1317280,1319201,1921
MGG_03524,MGG_03524T0,1598885,1600818,1933
MGG_06737,MGG_06737T0,2555937,2556768,831
MGG_10013,MGG_10013T0,4938496,4939512,1016
MGG_00540,MGG_00540T0,2527968,2530219,2251
MGG_12668,MGG_12668T0,2396291,2397630,1339
MGG_04406,MGG_04406T0,7454977,7463665,8688
MGG_03940,MGG_03940T0,2502712,2505337,2625
MGG_14862,MGG_14862T0,3141562,3142199,637
MGG_08132,MGG_08132T0,5805371,5807466,2095
MGG_15515,MGG_15515T0,284264,285875,1611
MGG_08838,MGG_08838T0,1820463,1821318,855
MGG_03723,MGG_03723T0,912430,913980,1550
MGG_16587,MGG_16587T0,100689,101428,739
MGG_11304,MGG_11304T0,2194148,2194703,555
MGG_15503,MGG_15503T0,165664,166527,863
MGG_02110,MGG_02110T0,586466,587746,1280
MGG_01252,MGG_01252T0,2853553,2854444,891
MGG_09381,MGG_09381T0,3469606,3471101,1495
MGG_06653,MGG_06653T0,2297325,2298728,1403
MGG_17147,MGG_17147T0,3032136,3032469,333
MGG_16136,MGG_16136T0,2107668,2107997,329
MGG_14791,MGG_14791T0,3917764,3919043,1279
MGG_14994,MGG_14994T0,817682,818677,995
MGG_07934,MGG_07934T0,6290741,6291757,1016
MGG_17198,MGG_17198T0,4288963,4290730,1767
MGG_09603,MGG_09603T0,3257440,3258483,1043
MGG_06387,MGG_06387T0,3929193,3931354,2161
MGG_13026,MGG_13026T0,4991583,4992543,960
MGG_09827,MGG_09827T0,3985412,3987706,2294
MGG_04973,MGG_04973T0,4125114,4126944,1830
MGG_16566,MGG_16566T0,7908676,7909386,710
MGG_10537,MGG_10537T0,4734926,4737132,2206
MGG_09128,MGG_09128T0,105335,105873,538
MGG_16155,MGG_16155T0,2432866,2433495,629
MGG_17416,MGG_17416T0,2337388,2338362,974
MGG_02385,MGG_02385T0,1632509,1636751,4242
MGG_10179,MGG_10179T0,1666868,1667882,1014
MGG_03476,MGG_03476T0,1743993,1746186,2193
MGG_10917,MGG_10917T0,29528,31186,1658
MGG_04167,MGG_04167T0,1740238,1740977,739
MGG_17849,MGG_17849T0,42793,43060,267
MGG_08200,MGG_08200T0,6044691,6047695,3004
MGG_02621,MGG_02621T1,2172733,2174763,2030
MGG_02621,MGG_02621T0,2172733,2174763,2030
MGG_01695,MGG_01695T0,4489775,4495295,5520
MGG_08684,MGG_08684T0,7789978,7790424,446
MGG_01294,MGG_01294T0,3004478,3009107,4629
MGG_16736,MGG_16736T0,2274679,2275211,532
MGG_04962,MGG_04962T0,4081832,4083748,1916
MGG_06752,MGG_06752T0,2602788,2606080,3292
MGG_00445,MGG_00445T0,2878787,2881016,2229
MGG_11783,MGG_11783T0,3503421,3509171,5750
MGG_02522,MGG_02522T0,2199869,2200389,520
MGG_06904,MGG_06904T0,3202292,3204407,2115
MGG_10255,MGG_10255T0,292868,294543,1675
MGG_00496,MGG_00496T0,2709112,2710773,1661
MGG_06575,MGG_06575T0,3221753,3223857,2104
MGG_13168,MGG_13168T0,6349009,6352631,3622
MGG_09015,MGG_09015T0,2698593,2700128,1535
MGG_18141,MGG_18141T0,528245,528616,371
MGG_11196,MGG_11196T0,3768841,3772564,3723
MGG_07832,MGG_07832T0,5973596,5974913,1317
MGG_16495,MGG_16495T0,6756806,6757101,295
MGG_11708,MGG_11708T0,4551190,4551852,662
MGG_00825,MGG_00825T0,1489042,1489383,341
MGG_16947,MGG_16947T0,5990847,5992192,1345
MGG_11149,MGG_11149T0,4711564,4713835,2271
MGG_01894,MGG_01894T0,5242626,5245970,3344
MGG_15976,MGG_15976T0,8243828,8246669,2841
MGG_12129,MGG_12129T0,2269269,2270499,1230
MGG_16285,MGG_16285T0,4212804,4213266,462
MGG_10669,MGG_10669T0,115210,117665,2455
MGG_08063,MGG_08063T0,5570561,5572702,2141
MGG_06418,MGG_06418T0,3815400,3817971,2571
MGG_00976,MGG_00976T0,948805,953710,4905
MGG_15933,MGG_15933T0,7691402,7694452,3050
MGG_05186,MGG_05186T0,4889164,4890681,1517
MGG_15364,MGG_15364T0,692073,692946,873
MGG_08620,MGG_08620T0,7594428,7596364,1936
MGG_17654,MGG_17654T0,1338269,1339852,1583
MGG_09617,MGG_09617T0,3206138,3206761,623
MGG_12377,MGG_12377T0,6766172,6772318,6146
MGG_05236,MGG_05236T0,5091430,5092765,1335
MGG_10596,MGG_10596T0,2764062,2769333,5271
MGG_10596,MGG_10596T1,2763929,2767579,3650
MGG_06521,MGG_06521T0,3426698,3428566,1868
MGG_09376,MGG_09376T0,3489149,3490957,1808
MGG_03634,MGG_03634T0,1182867,1185600,2733
MGG_12174,MGG_12174T0,1569021,1570822,1801
MGG_01457,MGG_01457T0,3591032,3594421,3389
MGG_12480,MGG_12480T0,8022717,8024215,1498
MGG_08296,MGG_08296T0,7971036,7972847,1811
MGG_08296,MGG_08296T1,7971036,7972847,1811
MGG_16038,MGG_16038T0,675636,678506,2870
MGG_12946,MGG_12946T0,4479091,4479844,753
MGG_05599,MGG_05599T0,5802746,5806431,3685
MGG_04657,MGG_04657T0,1174522,1180424,5902
MGG_03832,MGG_03832T0,2896221,2898386,2165
MGG_00290,MGG_00290T0,3395660,3396864,1204
MGG_05826,MGG_05826T0,1622447,1623984,1537
MGG_00167,MGG_00167T0,3881422,3882980,1558
MGG_08962,MGG_08962T0,2293506,2294765,1259
MGG_15565,MGG_15565T0,1306484,1308466,1982
MGG_11534,MGG_11534T0,2195997,2199935,3938
MGG_09300,MGG_09300T0,4143718,4147157,3439
MGG_00765,MGG_00765T0,1712474,1712941,467
MGG_14926,MGG_14926T0,3792217,3792747,530
MGG_09724,MGG_09724T0,5383849,5384480,631
MGG_00079,MGG_00079T1,4193597,4195768,2171
MGG_00079,MGG_00079T0,4193964,4195902,1938
MGG_18142,MGG_18142T0,530139,530702,563
MGG_13440,MGG_13440T0,1280350,1281825,1475
MGG_11280,MGG_11280T0,2540997,2542296,1299
MGG_06771,MGG_06771T0,2679451,2680692,1241
MGG_17332,MGG_17332T0,904189,904907,718
MGG_17724,MGG_17724T0,2534414,2536120,1706
MGG_16722,MGG_16722T0,2104344,2104934,590
MGG_11904,MGG_11904T0,1930994,1935611,4617
MGG_02486,MGG_02486T0,2037564,2040518,2954
MGG_10607,MGG_10607T0,6497008,6499221,2213
MGG_14772,MGG_14772T0,2841269,2842926,1657
MGG_04067,MGG_04067T0,2060383,2063921,3538
MGG_00203,MGG_00203T0,3710919,3713439,2520
MGG_01615,MGG_01615T0,4195780,4200076,4296
MGG_00759,MGG_00759T0,1742154,1744332,2178
MGG_00834,MGG_00834T0,1455466,1457799,2333
MGG_16771,MGG_16771T0,2826586,2827225,639
MGG_01817,MGG_01817T0,4952535,4955385,2850
MGG_09310,MGG_09310T0,4181085,4183906,2821
MGG_16922,MGG_16922T0,5658042,5658467,425
MGG_04423,MGG_04423T0,750950,753584,2634
MGG_01180,MGG_01180T0,2532007,2533717,1710
MGG_07505,MGG_07505T0,862390,863198,808
MGG_17252,MGG_17252T0,5025524,5027196,1672
MGG_15246,MGG_15246T0,5589265,5590411,1146
MGG_10435,MGG_10435T0,1056678,1057898,1220
MGG_04364,MGG_04364T0,630418,632544,2126
MGG_17998,MGG_17998T0,1945615,1946574,959
MGG_17781,MGG_17781T0,3312234,3312671,437
MGG_15752,MGG_15752T0,4384873,4385454,581
MGG_13499,MGG_13499T0,1244483,1246786,2303
MGG_02302,MGG_02302T0,1307895,1309244,1349
MGG_16275,MGG_16275T0,4103965,4104193,228
MGG_02064,MGG_02064T0,447084,449238,2154
MGG_01130,MGG_01130T0,394434,398106,3672
MGG_08771,MGG_08771T0,171579,173025,1446
MGG_16691,MGG_16691T0,1558323,1558692,369
MGG_12159,MGG_12159T0,1827697,1830513,2816
MGG_15052,MGG_15052T0,5602282,5603500,1218
MGG_11061,MGG_11061T0,585527,588555,3028
MGG_00102,MGG_00102T0,4137913,4140256,2343
MGG_06587,MGG_06587T0,3187514,3189604,2090
MGG_16442,MGG_16442T0,6066573,6067773,1200
MGG_00127,MGG_00127T0,4044225,4046538,2313
MGG_08121,MGG_08121T0,5765347,5767597,2250
MGG_03945,MGG_03945T0,2484617,2487195,2578
MGG_02972,MGG_02972T0,799335,801667,2332
MGG_01666,MGG_01666T0,4388064,4391113,3049
MGG_15295,MGG_15295T0,7433336,7436828,3492
MGG_12383,MGG_12383T0,6895918,6899146,3228
MGG_08974,MGG_08974T0,2340141,2342477,2336
MGG_07673,MGG_07673T0,1476705,1478631,1926
MGG_01122,MGG_01122T0,457382,458630,1248
MGG_16719,MGG_16719T0,2093968,2094502,534
MGG_16335,MGG_16335T0,4932206,4932596,390
MGG_17665,MGG_17665T0,1418162,1418837,675
MGG_15005,MGG_15005T0,1205495,1207711,2216
MGG_06960,MGG_06960T0,3378837,3381530,2693
MGG_06932,MGG_06932T0,3294359,3297081,2722
MGG_11573,MGG_11573T0,2770905,2772268,1363
MGG_02050,MGG_02050T0,391152,392821,1669
MGG_17091,MGG_17091T0,1824451,1824734,283
MGG_03997,MGG_03997T0,2283908,2287526,3618
MGG_15540,MGG_15540T0,819835,821829,1994
MGG_13222,MGG_13222T0,2462892,2465605,2713
MGG_11945,MGG_11945T0,1486826,1489808,2982
MGG_03630,MGG_03630T0,1198645,1200784,2139
MGG_17700,MGG_17700T0,2113618,2114265,647
MGG_04131,MGG_04131T0,1846727,1849133,2406
MGG_14330,MGG_14330T0,6503844,6505707,1863
MGG_08334,MGG_08334T0,7793303,7795012,1709
MGG_10805,MGG_10805T0,7471782,7472911,1129
MGG_04878,MGG_04878T0,3802114,3809474,7360
MGG_04703,MGG_04703T0,1293391,1300126,6735
MGG_06323,MGG_06323T0,4159238,4160796,1558
MGG_16716,MGG_16716T0,1980996,1981391,395
MGG_08203,MGG_08203T0,6056077,6056643,566
MGG_05477,MGG_05477T0,5353561,5355681,2120
MGG_01218,MGG_01218T0,2708751,2713596,4845
MGG_17997,MGG_17997T0,1944170,1944897,727
MGG_17955,MGG_17955T0,1408227,1408808,581
MGG_16634,MGG_16634T0,636978,638356,1378
MGG_00700,MGG_00700T0,1937858,1940586,2728
MGG_17876,MGG_17876T0,488099,488944,845
MGG_07258,MGG_07258T0,6977389,6980335,2946
MGG_07211,MGG_07211T0,6783406,6785618,2212
MGG_14216,MGG_14216T0,125368,125847,479
MGG_08176,MGG_08176T0,5953834,5954890,1056
MGG_01455,MGG_01455T0,3586803,3587722,919
MGG_17903,MGG_17903T0,797166,797716,550
MGG_10266,MGG_10266T0,246921,248416,1495
MGG_13180,MGG_13180T0,2977999,2978196,197
MGG_08387,MGG_08387T0,7608307,7610221,1914
MGG_08737,MGG_08737T0,306007,307937,1930
MGG_06138,MGG_06138T0,2698233,2702686,4453
MGG_16123,MGG_16123T0,1765045,1765512,467
MGG_09391,MGG_09391T0,3439043,3440534,1491
MGG_00833,MGG_00833T0,1457703,1460771,3068
MGG_15542,MGG_15542T0,867852,868670,818
MGG_13671,MGG_13671T0,180227,180960,733
MGG_00143,MGG_00143T0,3961190,3963639,2449
MGG_04002,MGG_04002T0,2268001,2269129,1128
MGG_12922,MGG_12922T0,4874505,4879829,5324
MGG_17316,MGG_17316T0,394357,394854,497
MGG_03316,MGG_03316T1,2289740,2293218,3478
MGG_03316,MGG_03316T0,2289740,2292995,3255
MGG_10696,MGG_10696T0,3790205,3792203,1998
MGG_11340,MGG_11340T0,1662071,1666936,4865
MGG_15110,MGG_15110T0,3517647,3519176,1529
MGG_09995,MGG_09995T0,5013587,5018414,4827
MGG_10414,MGG_10414T0,990336,992399,2063
MGG_11188,MGG_11188T0,3945370,3949475,4105
MGG_03714,MGG_03714T0,934470,937840,3370
MGG_06218,MGG_06218T0,2978822,2982843,4021
MGG_15188,MGG_15188T0,195717,196520,803
MGG_15037,MGG_15037T0,314286,316429,2143
MGG_10475,MGG_10475T0,362435,363865,1430
MGG_16138,MGG_16138T0,2111444,2112195,751
MGG_04678,MGG_04678T0,6997123,6999056,1933
MGG_15701,MGG_15701T0,3561026,3564720,3694
MGG_01840,MGG_01840T0,5056909,5060289,3380
MGG_16977,MGG_16977T0,6440376,6441085,709
MGG_16729,MGG_16729T0,2166905,2168637,1732
MGG_04493,MGG_04493T0,7311940,7315653,3713
MGG_07726,MGG_07726T0,5539702,5540144,442
MGG_07529,MGG_07529T0,930922,931826,904
MGG_02782,MGG_02782T0,1519968,1521736,1768
MGG_10066,MGG_10066T0,4751858,4752868,1010
MGG_05375,MGG_05375T0,4993617,4994902,1285
MGG_04003,MGG_04003T0,2266308,2267768,1460
MGG_03979,MGG_03979T0,2340409,2343625,3216
MGG_16355,MGG_16355T0,5133285,5134268,983
MGG_07584,MGG_07584T0,1114347,1116184,1837
MGG_03651,MGG_03651T0,1126572,1129041,2469
MGG_09359,MGG_09359T0,3554464,3558582,4118
MGG_10483,MGG_10483T0,390128,392189,2061
MGG_11710,MGG_11710T0,4538236,4539371,1135
MGG_04278,MGG_04278T0,1306997,1308109,1112
MGG_15441,MGG_15441T0,51613,53711,2098
MGG_16311,MGG_16311T0,4655456,4656697,1241
MGG_15771,MGG_15771T0,4889069,4889628,559
MGG_15194,MGG_15194T0,399223,399945,722
MGG_05258,MGG_05258T0,5175726,5177977,2251
MGG_04818,MGG_04818T0,1482041,1483783,1742
MGG_08587,MGG_08587T0,778668,781543,2875
MGG_15239,MGG_15239T0,1977617,1979468,1851
MGG_10466,MGG_10466T0,335166,336349,1183
MGG_08134,MGG_08134T0,5810164,5814359,4195
MGG_04669,MGG_04669T0,1213841,1217519,3678
MGG_00816,MGG_00816T0,1513144,1513974,830
MGG_02117,MGG_02117T0,608129,610354,2225
MGG_04363,MGG_04363T0,627083,630146,3063
MGG_00709,MGG_00709T0,1913357,1914215,858
MGG_08218,MGG_08218T0,8263184,8263815,631
MGG_17070,MGG_17070T0,1380701,1381505,804
MGG_06763,MGG_06763T0,2636771,2638864,2093
MGG_08342,MGG_08342T0,7771948,7773773,1825
MGG_13532,MGG_13532T0,1570623,1574900,4277
MGG_10441,MGG_10441T0,252652,253665,1013
MGG_16639,MGG_16639T0,711081,711778,697
MGG_16639,MGG_16639T1,711637,712003,366
MGG_07434,MGG_07434T0,615484,618416,2932
MGG_00920,MGG_00920T0,1141065,1142740,1675
MGG_13007,MGG_13007T0,3240769,3243434,2665
MGG_05294,MGG_05294T0,5310838,5312548,1710
MGG_10792,MGG_10792T0,228457,230357,1900
MGG_00468,MGG_00468T0,2789308,2792649,3341
MGG_16802,MGG_16802T0,3537290,3537993,703
MGG_15501,MGG_15501T1,157279,158668,1389
MGG_15501,MGG_15501T0,157279,158668,1389
MGG_04729,MGG_04729T0,1334077,1336451,2374
MGG_15991,MGG_15991T0,196066,199697,3631
MGG_08871,MGG_08871T0,1938573,1942757,4184
MGG_03510,MGG_03510T0,1645031,1650423,5392
MGG_07052,MGG_07052T0,6198242,6200178,1936
MGG_15062,MGG_15062T0,5874276,5876386,2110
MGG_14966,MGG_14966T0,846639,848584,1945
MGG_05163,MGG_05163T0,4804193,4806507,2314
MGG_03086,MGG_03086T0,348006,349362,1356
MGG_01008,MGG_01008T0,838930,841965,3035
MGG_01036,MGG_01036T0,726622,728654,2032
MGG_16749,MGG_16749T0,2406526,2409307,2781
MGG_18012,MGG_18012T0,2171972,2172194,222
MGG_17988,MGG_17988T0,1823055,1823884,829
MGG_06916,MGG_06916T0,3239641,3240867,1226
MGG_04935,MGG_04935T0,4006288,4008584,2296
MGG_14676,MGG_14676T0,2646830,2651481,4651
MGG_06302,MGG_06302T1,4232312,4233074,762
MGG_06302,MGG_06302T0,4231959,4234748,2789
MGG_03388,MGG_03388T0,2056518,2058245,1727
MGG_04803,MGG_04803T0,1457833,1463027,5194
MGG_00120,MGG_00120T0,4067772,4068489,717
MGG_10630,MGG_10630T0,6564003,6567142,3139
MGG_08526,MGG_08526T0,520409,522133,1724
MGG_11688,MGG_11688T0,4343871,4345254,1383
MGG_07212,MGG_07212T0,6786215,6787382,1167
MGG_03849,MGG_03849T0,2832508,2833538,1030
MGG_04830,MGG_04830T0,1512991,1515132,2141
MGG_15072,MGG_15072T0,6220375,6223795,3420
MGG_18104,MGG_18104T0,52291,52440,149
MGG_03650,MGG_03650T0,1130053,1131576,1523
MGG_16112,MGG_16112T0,1608285,1608723,438
MGG_01940,MGG_01940T0,595539,597300,1761
MGG_07878,MGG_07878T0,6128867,6131487,2620
MGG_17352,MGG_17352T0,1298665,1299107,442
MGG_03128,MGG_03128T0,2977259,2978435,1176
MGG_08423,MGG_08423T0,153036,155280,2244
MGG_09935,MGG_09935T0,4398721,4402758,4037
MGG_09175,MGG_09175T0,3629777,3631500,1723
MGG_00634,MGG_00634T0,2177713,2182105,4392
MGG_17024,MGG_17024T0,369872,371239,1367
MGG_06825,MGG_06825T0,2903787,2904932,1145
MGG_03625,MGG_03625T0,1215427,1217899,2472
MGG_07247,MGG_07247T0,6940625,6942283,1658
MGG_03619,MGG_03619T0,1231284,1233817,2533
MGG_10782,MGG_10782T0,187591,188605,1014
MGG_14944,MGG_14944T0,2952424,2953320,896
MGG_15412,MGG_15412T0,519906,520157,251
MGG_15957,MGG_15957T0,7978650,7979957,1307
MGG_13014,MGG_13014T0,3203002,3209386,6384
MGG_10855,MGG_10855T0,6510067,6511619,1552
MGG_16738,MGG_16738T0,2290424,2293103,2679
MGG_11282,MGG_11282T0,2490787,2493501,2714
MGG_10619,MGG_10619T0,6542474,6543309,835
MGG_07455,MGG_07455T0,697367,698914,1547
MGG_08178,MGG_08178T0,5957884,5961199,3315
MGG_14593,MGG_14593T0,1219319,1221222,1903
MGG_07251,MGG_07251T0,6954214,6955233,1019
MGG_01436,MGG_01436T0,3523823,3525860,2037
MGG_00780,MGG_00780T0,1657507,1658942,1435
MGG_13374,MGG_13374T0,515054,515920,866
MGG_17078,MGG_17078T0,1563605,1566382,2777
MGG_15500,MGG_15500T0,150040,150502,462
MGG_12164,MGG_12164T0,1731237,1734903,3666
MGG_08594,MGG_08594T0,803232,807646,4414
MGG_01834,MGG_01834T0,5031758,5035924,4166
MGG_11869,MGG_11869T0,2529831,2530895,1064
MGG_11489,MGG_11489T0,1522685,1527957,5272
MGG_14857,MGG_14857T0,3390223,3391821,1598
MGG_01943,MGG_01943T0,586171,587108,937
MGG_10400,MGG_10400T0,946701,948412,1711
MGG_04577,MGG_04577T0,1025581,1028667,3086
MGG_15175,MGG_15175T0,5535647,5537983,2336
MGG_01419,MGG_01419T0,3463166,3468047,4881
MGG_00268,MGG_00268T0,3465021,3467452,2431
MGG_00268,MGG_00268T1,3464738,3467668,2930
MGG_14712,MGG_14712T0,3669191,3683700,14509
MGG_07660,MGG_07660T0,1395438,1400068,4630
MGG_03493,MGG_03493T0,1691325,1693133,1808
MGG_17372,MGG_17372T0,1709646,1711491,1845
MGG_09664,MGG_09664T0,3027942,3030816,2874
MGG_04826,MGG_04826T0,1503760,1505436,1676
MGG_13598,MGG_13598T0,4753626,4754990,1364
MGG_15322,MGG_15322T0,4688930,4691582,2652
MGG_14496,MGG_14496T0,2991459,2995671,4212
MGG_08050,MGG_08050T0,5533415,5535340,1925
MGG_17125,MGG_17125T0,2467506,2467841,335
MGG_15888,MGG_15888T0,6918349,6920969,2620
MGG_01756,MGG_01756T0,4719601,4720899,1298
MGG_09675,MGG_09675T0,2979240,2979818,578
MGG_09501,MGG_09501T0,3469281,3470849,1568
MGG_09266,MGG_09266T0,3989910,3991296,1386
MGG_06429,MGG_06429T0,3769174,3771296,2122
MGG_00958,MGG_00958T0,1000271,1003010,2739
MGG_14981,MGG_14981T0,264910,265800,890
MGG_07276,MGG_07276T0,7058184,7061252,3068
MGG_16153,MGG_16153T0,2338412,2338884,472
MGG_08112,MGG_08112T0,5727351,5730339,2988
MGG_04253,MGG_04253T0,1405530,1407471,1941
MGG_03733,MGG_03733T0,884946,886686,1740
MGG_11899,MGG_11899T0,2005669,2009736,4067
MGG_13465,MGG_13465T0,840420,842485,2065
MGG_16458,MGG_16458T0,6337046,6337531,485
MGG_02889,MGG_02889T0,1134080,1135055,975
MGG_17596,MGG_17596T0,675025,676774,1749
MGG_00345,MGG_00345T0,3180747,3188502,7755
MGG_17837,MGG_17837T0,3899133,3899557,424
MGG_08275,MGG_08275T0,8041784,8042839,1055
MGG_00142,MGG_00142T0,3967676,3970670,2994
MGG_17124,MGG_17124T0,2439583,2440344,761
MGG_07731,MGG_07731T0,5552173,5554867,2694
MGG_01224,MGG_01224T0,2729254,2732344,3090
MGG_08003,MGG_08003T0,5385737,5387400,1663
MGG_04383,MGG_04383T0,700343,701914,1571
MGG_17495,MGG_17495T0,3570014,3570436,422
MGG_16307,MGG_16307T0,4587669,4588227,558
MGG_18039,MGG_18039T0,2524435,2525265,830
MGG_03157,MGG_03157T0,2858272,2860017,1745
MGG_05661,MGG_05661T0,6025168,6026738,1570
MGG_04712,MGG_04712T0,6887590,6890075,2485
MGG_09261,MGG_09261T0,3970575,3971665,1090
MGG_14718,MGG_14718T0,4034042,4034455,413
MGG_10448,MGG_10448T0,275875,279001,3126
MGG_09839,MGG_09839T0,3942834,3944303,1469
MGG_08011,MGG_08011T0,5408216,5409781,1565
MGG_16662,MGG_16662T0,1129828,1130207,379
MGG_14565,MGG_14565T0,3247168,3249146,1978
MGG_00691,MGG_00691T0,1979756,1982864,3108
MGG_08897,MGG_08897T0,2031605,2034121,2516
MGG_10492,MGG_10492T0,416087,418086,1999
MGG_06458,MGG_06458T0,3664676,3666941,2265
MGG_05418,MGG_05418T0,5151427,5152410,983
MGG_03961,MGG_03961T0,2420715,2422067,1352
MGG_03301,MGG_03301T0,2342015,2343226,1211
MGG_08844,MGG_08844T0,1839418,1840700,1282
MGG_03765,MGG_03765T0,3134204,3136753,2549
MGG_09536,MGG_09536T0,3343187,3346863,3676
MGG_10278,MGG_10278T0,200605,202232,1627
MGG_16418,MGG_16418T0,5829713,5830936,1223
MGG_18032,MGG_18032T0,2440057,2440577,520
MGG_08323,MGG_08323T0,7822721,7824511,1790
MGG_04076,MGG_04076T0,2040017,2041850,1833
MGG_15938,MGG_15938T0,7783575,7784195,620
MGG_10509,MGG_10509T0,4649188,4650877,1689
MGG_02591,MGG_02591T0,2267905,2268929,1024
MGG_05843,MGG_05843T0,1690243,1692074,1831
MGG_15846,MGG_15846T0,6241740,6242105,365
MGG_07354,MGG_07354T0,7363979,7365403,1424
MGG_04839,MGG_04839T0,1550128,1551639,1511
MGG_13025,MGG_13025T0,4987510,4990016,2506
MGG_10779,MGG_10779T0,177239,177738,499
MGG_03898,MGG_03898T0,2664140,2666614,2474
MGG_01729,MGG_01729T0,4602709,4604197,1488
MGG_00275,MGG_00275T0,3448169,3450796,2627
MGG_13549,MGG_13549T0,1799572,1800805,1233
MGG_01611,MGG_01611T0,4181954,4182807,853
MGG_15329,MGG_15329T0,5171187,5173002,1815
MGG_04570,MGG_04570T0,998836,1001061,2225
MGG_18084,MGG_18084T0,3180865,3181327,462
MGG_04081,MGG_04081T0,2025818,2026797,979
MGG_04370,MGG_04370T0,655684,658593,2909
MGG_17360,MGG_17360T0,1382977,1383437,460
MGG_04339,MGG_04339T0,1109231,1111439,2208
MGG_15811,MGG_15811T0,5587171,5588715,1544
MGG_09353,MGG_09353T0,3584210,3586669,2459
MGG_12749,MGG_12749T0,2601353,2604352,2999
MGG_10467,MGG_10467T0,340277,341103,826
MGG_16754,MGG_16754T0,2493647,2494922,1275
MGG_08057,MGG_08057T0,5555047,5556999,1952
MGG_00752,MGG_00752T0,1764374,1765984,1610
MGG_16627,MGG_16627T0,596330,596593,263
MGG_06449,MGG_06449T0,3695410,3699354,3944
MGG_18036,MGG_18036T0,2483684,2483943,259
MGG_03900,MGG_03900T0,2653866,2656272,2406
MGG_02224,MGG_02224T0,1025620,1027217,1597
MGG_08027,MGG_08027T0,5466108,5466827,719
MGG_02881,MGG_02881T0,1163665,1165476,1811
MGG_06821,MGG_06821T0,2888935,2890929,1994
MGG_10154,MGG_10154T0,1633400,1635211,1811
MGG_03003,MGG_03003T0,685181,686623,1442
MGG_16434,MGG_16434T0,5988203,5988974,771
MGG_05397,MGG_05397T0,5081651,5084093,2442
MGG_00689,MGG_00689T0,1983736,1987328,3592
MGG_01007,MGG_01007T0,845360,846658,1298
MGG_04891,MGG_04891T0,3862872,3866252,3380
MGG_05844,MGG_05844T0,1692163,1693997,1834
MGG_02132,MGG_02132T0,671871,675074,3203
MGG_11612,MGG_11612T0,3421087,3422711,1624
MGG_01807,MGG_01807T0,4912553,4914189,1636
MGG_06902,MGG_06902T0,3193516,3196887,3371
MGG_01259,MGG_01259T0,2878905,2880942,2037
MGG_00238,MGG_00238T0,3564482,3566431,1949
MGG_11749,MGG_11749T0,3952684,3953100,416
MGG_06941,MGG_06941T0,3324577,3327154,2577
MGG_06321,MGG_06321T0,4162646,4165149,2503
MGG_04037,MGG_04037T0,2156130,2162160,6030
MGG_09216,MGG_09216T0,3804414,3805681,1267
MGG_07063,MGG_07063T0,6233629,6237100,3471
MGG_09487,MGG_09487T0,3513301,3515402,2101
MGG_04495,MGG_04495T0,7305190,7307950,2760
MGG_05913,MGG_05913T0,1924443,1925099,656
MGG_00513,MGG_00513T0,2630025,2630574,549
MGG_15947,MGG_15947T0,7860586,7861048,462
MGG_13188,MGG_13188T0,2850034,2852142,2108
MGG_11543,MGG_11543T0,2286815,2288429,1614
MGG_03425,MGG_03425T0,1907436,1909218,1782
MGG_16057,MGG_16057T0,921582,922280,698
MGG_04720,MGG_04720T0,6869044,6870992,1948
MGG_17836,MGG_17836T0,3898160,3898625,465
MGG_17490,MGG_17490T0,3513537,3514492,955
MGG_15281,MGG_15281T0,1410321,1414670,4349
MGG_01551,MGG_01551T0,3982849,3986075,3226
MGG_07002,MGG_07002T0,3543228,3544078,850
MGG_00876,MGG_00876T0,1295138,1297683,2545
MGG_17787,MGG_17787T0,3384263,3386447,2184
MGG_16703,MGG_16703T0,1706848,1707276,428
MGG_01989,MGG_01989T0,158544,160208,1664
MGG_04321,MGG_04321T1,1188748,1193659,4911
MGG_04321,MGG_04321T0,1189432,1193315,3883
MGG_01804,MGG_01804T0,4903695,4907469,3774
MGG_01518,MGG_01518T0,3881292,3885697,4405
MGG_06694,MGG_06694T0,2412274,2414866,2592
MGG_09541,MGG_09541T0,3329455,3331461,2006
MGG_13185,MGG_13185T0,2904177,2907217,3040
MGG_02062,MGG_02062T0,441828,443033,1205
MGG_07927,MGG_07927T0,6274269,6276520,2251
MGG_17424,MGG_17424T0,2458096,2458980,884
MGG_17154,MGG_17154T0,3160235,3162431,2196
MGG_11288,MGG_11288T0,2300334,2302939,2605
MGG_16695,MGG_16695T0,1595142,1595604,462
MGG_15133,MGG_15133T0,4744037,4747398,3361
MGG_01048,MGG_01048T0,681932,683362,1430
MGG_07404,MGG_07404T0,488032,490015,1983
MGG_12715,MGG_12715T0,2123311,2124050,739
MGG_17007,MGG_17007T0,129954,130743,789
MGG_04978,MGG_04978T0,4137910,4139638,1728
MGG_02611,MGG_02611T0,2200581,2204849,4268
MGG_17287,MGG_17287T0,5530686,5532140,1454
MGG_01075,MGG_01075T0,591320,592094,774
MGG_16007,MGG_16007T0,312754,314181,1427
MGG_07237,MGG_07237T0,6910336,6911695,1359
MGG_00633,MGG_00633T0,2183033,2186749,3716
MGG_00636,MGG_00636T0,2168385,2170661,2276
MGG_16748,MGG_16748T0,2392467,2393367,900
MGG_14983,MGG_14983T0,8477,9221,744
MGG_09697,MGG_09697T0,5465742,5470948,5206
MGG_02203,MGG_02203T0,928832,930620,1788
MGG_16366,MGG_16366T0,5277546,5277922,376
MGG_08304,MGG_08304T0,7931603,7935550,3947
MGG_15444,MGG_15444T0,98525,99164,639
MGG_11739,MGG_11739T0,4055082,4056794,1712
MGG_11445,MGG_11445T1,683380,684865,1485
MGG_11445,MGG_11445T0,683205,684444,1239
MGG_09251,MGG_09251T0,3930405,3931723,1318
MGG_12636,MGG_12636T0,2055470,2058205,2735
MGG_16860,MGG_16860T0,4526068,4527837,1769
MGG_13223,MGG_13223T0,2458782,2462810,4028
MGG_02006,MGG_02006T0,203224,205777,2553
MGG_04375,MGG_04375T0,671170,673157,1987
MGG_08333,MGG_08333T0,7794771,7795933,1162
MGG_06225,MGG_06225T0,4480589,4481147,558
MGG_17625,MGG_17625T0,1029964,1032468,2504
MGG_07571,MGG_07571T0,1070610,1072185,1575
MGG_17120,MGG_17120T0,2374855,2375246,391
MGG_14146,MGG_14146T0,105871,106392,521
MGG_00451,MGG_00451T0,2852969,2854583,1614
MGG_12327,MGG_12327T0,6212645,6215168,2523
MGG_09398,MGG_09398T0,3413266,3415197,1931
MGG_05435,MGG_05435T0,5211598,5213847,2249
MGG_02784,MGG_02784T0,1508642,1515820,7178
MGG_06329,MGG_06329T0,4132088,4133679,1591
MGG_04875,MGG_04875T0,3794466,3795738,1272
MGG_03424,MGG_03424T0,1911131,1912707,1576
MGG_06374,MGG_06374T0,3972727,3974907,2180
MGG_04882,MGG_04882T0,3816738,3818673,1935
MGG_00162,MGG_00162T0,3901450,3902553,1103
MGG_17314,MGG_17314T0,386712,388062,1350
MGG_04917,MGG_04917T0,3947856,3953394,5538
MGG_05451,MGG_05451T0,5258081,5260729,2648
MGG_02778,MGG_02778T0,1539826,1540467,641
MGG_02461,MGG_02461T0,1958183,1960733,2550
MGG_17118,MGG_17118T0,2330583,2331055,472
MGG_07994,MGG_07994T0,5357463,5358017,554
MGG_05692,MGG_05692T0,6138095,6138918,823
MGG_15078,MGG_15078T0,6398740,6402563,3823
MGG_17718,MGG_17718T1,2373962,2374774,812
MGG_17718,MGG_17718T0,2373962,2374992,1030
MGG_14883,MGG_14883T0,2050501,2051506,1005
MGG_13871,MGG_13871T0,5944780,5945478,698
MGG_15967,MGG_15967T0,8182613,8183412,799
MGG_05398,MGG_05398T0,5084514,5085420,906
MGG_04127,MGG_04127T0,1857946,1859819,1873
MGG_18134,MGG_18134T0,491692,493734,2042
MGG_10975,MGG_10975T0,5152881,5153255,374
MGG_04198,MGG_04198T0,1618730,1619634,904
MGG_07014,MGG_07014T0,3579562,3583717,4155
MGG_17759,MGG_17759T0,3074764,3075171,407
MGG_09729,MGG_09729T0,5372016,5372465,449
MGG_16603,MGG_16603T0,352700,353862,1162
MGG_15968,MGG_15968T0,8192607,8194805,2198
MGG_01864,MGG_01864T0,5145992,5146749,757
MGG_05429,MGG_05429T1,5187985,5189146,1161
MGG_05429,MGG_05429T0,5187985,5189007,1022
MGG_17505,MGG_17505T0,3696545,3698813,2268
MGG_16468,MGG_16468T0,6428360,6428866,506
MGG_12005,MGG_12005T0,3537088,3541579,4491
MGG_05819,MGG_05819T0,1600901,1601921,1020
MGG_05612,MGG_05612T0,5851754,5852548,794
MGG_00095,MGG_00095T0,4150703,4153922,3219
MGG_17945,MGG_17945T0,1212482,1214205,1723
MGG_10683,MGG_10683T0,58267,60229,1962
MGG_03280,MGG_03280T0,2410909,2413291,2382
MGG_00355,MGG_00355T0,3145452,3146679,1227
MGG_00893,MGG_00893T0,1216212,1218092,1880
MGG_00893,MGG_00893T1,1216298,1217892,1594
MGG_08985,MGG_08985T0,2373986,2377270,3284
MGG_09369,MGG_09369T0,3525481,3528909,3428
MGG_03862,MGG_03862T0,2794943,2798658,3715
MGG_10286,MGG_10286T0,232107,232532,425
MGG_00459,MGG_00459T0,2821446,2822831,1385
MGG_06087,MGG_06087T0,2532515,2536062,3547
MGG_16397,MGG_16397T0,5557649,5558072,423
MGG_10111,MGG_10111T0,4608810,4610362,1552
MGG_02134,MGG_02134T0,678506,680457,1951
MGG_16352,MGG_16352T0,5099293,5099779,486
MGG_04866,MGG_04866T0,3772176,3774111,1935
MGG_02130,MGG_02130T0,663505,665361,1856
MGG_02320,MGG_02320T0,1376920,1378555,1635
MGG_01309,MGG_01309T0,3058388,3061745,3357
MGG_14022,MGG_14022T0,2925413,2926991,1578
MGG_02346,MGG_02346T0,1481368,1483740,2372
MGG_11492,MGG_11492T0,1595602,1595946,344
MGG_05789,MGG_05789T0,3095345,3096049,704
MGG_09860,MGG_09860T0,3861722,3864186,2464
MGG_11383,MGG_11383T0,1031038,1033667,2629
MGG_15415,MGG_15415T0,7775320,7776152,832
MGG_07081,MGG_07081T0,6291119,6292342,1223
MGG_15989,MGG_15989T0,187063,189925,2862
MGG_10489,MGG_10489T0,407116,410339,3223
MGG_10432,MGG_10432T0,1051458,1052241,783
MGG_02545,MGG_02545T0,2414852,2415915,1063
MGG_09504,MGG_09504T0,3456732,3461143,4411
MGG_04558,MGG_04558T1,7205059,7208506,3447
MGG_04558,MGG_04558T0,7205059,7208506,3447
MGG_00804,MGG_00804T0,1556726,1558622,1896
MGG_17570,MGG_17570T0,207231,208016,785
MGG_04254,MGG_04254T0,1404578,1405617,1039
MGG_04091,MGG_04091T0,2001887,2003935,2048
MGG_07188,MGG_07188T0,6693269,6695016,1747
MGG_01168,MGG_01168T0,2493269,2495131,1862
MGG_04665,MGG_04665T0,1196216,1200139,3923
MGG_00431,MGG_00431T0,2913449,2915414,1965
MGG_16621,MGG_16621T0,513368,514051,683
MGG_10687,MGG_10687T0,43737,45050,1313
MGG_05383,MGG_05383T0,5035917,5037271,1354
MGG_16582,MGG_16582T0,14384,15143,759
MGG_03497,MGG_03497T0,1684086,1685826,1740
MGG_12345,MGG_12345T0,6387717,6391260,3543
MGG_04360,MGG_04360T0,618951,622337,3386
MGG_07521,MGG_07521T0,908746,911945,3199
MGG_02962,MGG_02962T0,839494,843205,3711
MGG_02962,MGG_02962T1,840396,843205,2809
MGG_00998,MGG_00998T0,873637,877271,3634
MGG_16236,MGG_16236T0,3528726,3530654,1928
MGG_16698,MGG_16698T0,1613839,1614325,486
MGG_00710,MGG_00710T0,1909957,1912236,2279
MGG_17609,MGG_17609T0,796860,797254,394
MGG_06681,MGG_06681T0,2377164,2380038,2874
MGG_12243,MGG_12243T0,785900,788604,2704
MGG_13578,MGG_13578T0,4610688,4612143,1455
MGG_09865,MGG_09865T0,3846718,3848121,1403
MGG_01783,MGG_01783T1,4817741,4820117,2376
MGG_01783,MGG_01783T0,4817425,4818977,1552
MGG_04718,MGG_04718T0,6873599,6874654,1055
MGG_15167,MGG_15167T0,6342543,6345172,2629
MGG_00552,MGG_00552T0,2501277,2502963,1686
MGG_09566,MGG_09566T0,3249622,3251989,2367
MGG_15321,MGG_15321T0,4652140,4654619,2479
MGG_09352,MGG_09352T0,3588659,3591577,2918
MGG_09087,MGG_09087T0,111031,112027,996
MGG_01094,MGG_01094T0,529758,533733,3975
MGG_15559,MGG_15559T0,1271199,1272020,821
MGG_03826,MGG_03826T0,2910845,2912415,1570
MGG_15206,MGG_15206T0,810307,811523,1216
MGG_10038,MGG_10038T0,4848311,4850176,1865
MGG_01981,MGG_01981T0,124111,125208,1097
MGG_06179,MGG_06179T0,2842270,2844034,1764
MGG_08274,MGG_08274T0,8043982,8046856,2874
MGG_14583,MGG_14583T0,2453362,2456860,3498
MGG_11292,MGG_11292T0,2286560,2287021,461
MGG_01663,MGG_01663T0,4382395,4383395,1000
MGG_04621,MGG_04621T0,7086827,7093033,6206
MGG_03725,MGG_03725T0,904587,906074,1487
MGG_15685,MGG_15685T0,3322019,3322553,534
MGG_16054,MGG_16054T0,878794,881812,3018
MGG_10702,MGG_10702T0,3776187,3778162,1975
MGG_14573,MGG_14573T0,1547327,1549847,2520
MGG_01268,MGG_01268T0,2902978,2905478,2500
MGG_07175,MGG_07175T0,6642262,6644059,1797
MGG_14023,MGG_14023T0,2930430,2930856,426
MGG_13852,MGG_13852T0,5848136,5848759,623
MGG_02659,MGG_02659T0,2008178,2009534,1356
MGG_02659,MGG_02659T1,2008178,2009534,1356
MGG_15273,MGG_15273T0,1899994,1902076,2082
MGG_00522,MGG_00522T0,2607686,2609750,2064
MGG_15443,MGG_15443T0,62619,62966,347
MGG_17902,MGG_17902T0,766305,766930,625
MGG_03525,MGG_03525T0,1596763,1598924,2161
MGG_01784,MGG_01784T0,4818744,4819865,1121
MGG_08130,MGG_08130T0,5792836,5796389,3553
MGG_17062,MGG_17062T0,1263571,1264807,1236
MGG_01133,MGG_01133T1,381605,387034,5429
MGG_01133,MGG_01133T0,381605,385584,3979
MGG_00312,MGG_00312T0,3308796,3310975,2179
MGG_08649,MGG_08649T0,7677052,7678512,1460
MGG_04911,MGG_04911T0,3924483,3928988,4505
MGG_04640,MGG_04640T0,7012394,7016646,4252
MGG_00554,MGG_00554T0,2496665,2497675,1010
MGG_10933,MGG_10933T0,156754,158643,1889
MGG_01300,MGG_01300T0,3031763,3033218,1455
MGG_15482,MGG_15482T0,8272732,8273244,512
MGG_07423,MGG_07423T0,577946,580201,2255
MGG_04599,MGG_04599T0,7113310,7114060,750
MGG_00587,MGG_00587T0,2395366,2397316,1950
MGG_14807,MGG_14807T0,4340954,4341629,675
MGG_03687,MGG_03687T0,1018814,1020450,1636
MGG_12714,MGG_12714T0,2121120,2122239,1119
MGG_11529,MGG_11529T0,2096566,2099910,3344
MGG_11259,MGG_11259T0,2751242,2754449,3207
MGG_11064,MGG_11064T0,558882,561991,3109
MGG_02036,MGG_02036T0,315505,318750,3245
MGG_15384,MGG_15384T0,2744773,2746288,1515
MGG_05695,MGG_05695T0,6147159,6150907,3748
MGG_11482,MGG_11482T0,1363056,1367172,4116
MGG_15068,MGG_15068T0,6092574,6093350,776
MGG_11727,MGG_11727T0,4243013,4247466,4453
MGG_10170,MGG_10170T0,496941,497744,803
MGG_10659,MGG_10659T0,4567431,4569920,2489
MGG_12522,MGG_12522T0,428492,428914,422
MGG_06691,MGG_06691T0,2407317,2408576,1259
MGG_03666,MGG_03666T0,1092175,1093140,965
MGG_06580,MGG_06580T0,3205973,3207772,1799
MGG_16241,MGG_16241T0,3707188,3707982,794
MGG_06221,MGG_06221T0,4489700,4491948,2248
MGG_02208,MGG_02208T0,944574,945221,647
MGG_05865,MGG_05865T0,1776936,1780923,3987
MGG_05296,MGG_05296T0,5316005,5316903,898
MGG_04355,MGG_04355T0,604635,605376,741
MGG_06376,MGG_06376T0,3968990,3970579,1589
MGG_16294,MGG_16294T0,4346401,4348226,1825
MGG_15242,MGG_15242T0,1806462,1809242,2780
MGG_10911,MGG_10911T0,3656546,3657142,596
MGG_12162,MGG_12162T0,1736198,1737789,1591
MGG_09144,MGG_09144T0,291606,292055,449
MGG_07745,MGG_07745T0,5611107,5614225,3118
MGG_02032,MGG_02032T0,297183,300634,3451
MGG_14979,MGG_14979T0,252104,253140,1036
MGG_10431,MGG_10431T0,1047273,1050516,3243
MGG_06370,MGG_06370T0,3985191,3988446,3255
MGG_09610,MGG_09610T0,3235320,3236271,951
MGG_09435,MGG_09435T0,3286492,3289473,2981
MGG_07226,MGG_07226T0,6867947,6868953,1006
MGG_17801,MGG_17801T0,3568521,3569007,486
MGG_05057,MGG_05057T0,4449239,4450653,1414
MGG_01985,MGG_01985T0,137258,139761,2503
MGG_03050,MGG_03050T0,494826,497252,2426
MGG_01356,MGG_01356T0,3234001,3236261,2260
MGG_09347,MGG_09347T0,3602886,3604019,1133
MGG_16706,MGG_16706T0,1745159,1746891,1732
MGG_08691,MGG_08691T0,447975,449133,1158
MGG_02267,MGG_02267T0,1207814,1209457,1643
MGG_07569,MGG_07569T0,1063604,1065565,1961
MGG_15172,MGG_15172T0,6543554,6544330,776
MGG_14893,MGG_14893T0,1255426,1256821,1395
MGG_09986,MGG_09986T0,5062801,5064075,1274
MGG_01811,MGG_01811T0,4919570,4924544,4974
MGG_07738,MGG_07738T0,5587360,5588853,1493
MGG_07324,MGG_07324T0,7262984,7264266,1282
MGG_08189,MGG_08189T0,6006230,6009006,2776
MGG_11168,MGG_11168T0,4455914,4458672,2758
MGG_10522,MGG_10522T0,4704034,4706106,2072
MGG_17109,MGG_17109T0,2155993,2156495,502
MGG_07818,MGG_07818T0,5864292,5867965,3673
MGG_18132,MGG_18132T0,458312,458774,462
MGG_00719,MGG_00719T0,1889807,1891543,1736
MGG_16499,MGG_16499T0,6812122,6812584,462
MGG_14351,MGG_14351T0,258862,261079,2217
MGG_09779,MGG_09779T0,5204230,5207927,3697
MGG_09779,MGG_09779T1,5204230,5207927,3697
MGG_07917,MGG_07917T0,6241474,6245014,3540
MGG_09849,MGG_09849T0,3893761,3895308,1547
MGG_13339,MGG_13339T0,184869,185659,790
MGG_01387,MGG_01387T0,3358441,3360582,2141
MGG_12047,MGG_12047T0,3117237,3121845,4608
MGG_04977,MGG_04977T0,4137051,4137541,490
MGG_15598,MGG_15598T0,1917489,1918217,728
MGG_16347,MGG_16347T0,5066830,5067500,670
MGG_17071,MGG_17071T0,1424319,1424615,296
MGG_16199,MGG_16199T0,3084534,3084829,295
MGG_04710,MGG_04710T0,6906317,6915247,8930
MGG_02232,MGG_02232T0,1067594,1068013,419
MGG_01593,MGG_01593T0,4121253,4124717,3464
MGG_04374,MGG_04374T0,669300,671332,2032
MGG_09875,MGG_09875T0,3822721,3824284,1563
MGG_02648,MGG_02648T0,2069904,2072724,2820
MGG_06245,MGG_06245T0,4418548,4425534,6986
MGG_10580,MGG_10580T0,2827033,2829697,2664
MGG_07125,MGG_07125T0,6467639,6469059,1420
MGG_04753,MGG_04753T0,6770559,6771242,683
MGG_05860,MGG_05860T0,1759499,1761768,2269
MGG_10382,MGG_10382T0,465646,467128,1482
MGG_00555,MGG_00555T0,2493142,2495607,2465
MGG_03743,MGG_03743T0,842346,845471,3125
MGG_16498,MGG_16498T0,6805027,6805489,462
MGG_06033,MGG_06033T0,2337839,2342127,4288
MGG_06250,MGG_06250T0,4406739,4409146,2407
MGG_05690,MGG_05690T0,6133088,6136687,3599
MGG_14070,MGG_14070T0,425748,426865,1117
MGG_01108,MGG_01108T0,486272,491019,4747
MGG_15908,MGG_15908T0,7359659,7359953,294
MGG_04101,MGG_04101T0,1954900,1957323,2423
MGG_01605,MGG_01605T0,4167118,4170453,3335
MGG_00427,MGG_00427T0,2921876,2930511,8635
MGG_07157,MGG_07157T0,6580052,6583391,3339
MGG_13635,MGG_13635T0,5129960,5132142,2182
MGG_17525,MGG_17525T0,4023995,4024327,332
MGG_02334,MGG_02334T0,1439577,1440073,496
MGG_04550,MGG_04550T0,7233998,7237921,3923
MGG_12119,MGG_12119T1,2383862,2386479,2617
MGG_12119,MGG_12119T0,2383862,2386479,2617
MGG_08536,MGG_08536T0,554732,559883,5151
MGG_03737,MGG_03737T0,869888,873384,3496
MGG_11463,MGG_11463T0,1024593,1027430,2837
MGG_10913,MGG_10913T0,17125,18158,1033
MGG_04354,MGG_04354T0,602585,603090,505
MGG_16657,MGG_16657T0,1068379,1069992,1613
MGG_06596,MGG_06596T0,3145746,3147912,2166
MGG_00347,MGG_00347T0,3174298,3175740,1442
MGG_17145,MGG_17145T0,3024883,3026782,1899
MGG_15055,MGG_15055T0,5697319,5697997,678
MGG_17443,MGG_17443T0,2646088,2646662,574
MGG_05207,MGG_05207T0,4963334,4967085,3751
MGG_06319,MGG_06319T0,4174904,4176271,1367
MGG_03203,MGG_03203T0,2706802,2707886,1084
MGG_07901,MGG_07901T0,6193571,6194293,722
MGG_04764,MGG_04764T0,1393505,1395349,1844
MGG_16783,MGG_16783T0,3134008,3134470,462
MGG_07274,MGG_07274T0,7045550,7051961,6411
MGG_08690,MGG_08690T0,449289,451204,1915
MGG_03554,MGG_03554T0,1483457,1484708,1251
MGG_01571,MGG_01571T0,4048641,4051011,2370
MGG_08625,MGG_08625T0,7603929,7606491,2562
MGG_07013,MGG_07013T0,3576482,3578178,1696
MGG_05113,MGG_05113T1,4641949,4644355,2406
MGG_05113,MGG_05113T0,4642290,4644004,1714
MGG_01540,MGG_01540T0,3949023,3950750,1727
MGG_06476,MGG_06476T0,3601123,3604235,3112
MGG_12008,MGG_12008T0,3522438,3522641,203
MGG_17732,MGG_17732T0,2710320,2714471,4151
MGG_13028,MGG_13028T0,5001863,5003577,1714
MGG_05800,MGG_05800T0,3010745,3013622,2877
MGG_00649,MGG_00649T0,2135980,2137795,1815
MGG_01568,MGG_01568T0,4035795,4037189,1394
MGG_04774,MGG_04774T0,6741665,6742614,949
MGG_01572,MGG_01572T0,4052217,4056371,4154
MGG_15440,MGG_15440T0,39271,39921,650
MGG_07526,MGG_07526T0,926591,928149,1558
MGG_03187,MGG_03187T0,2773261,2775611,2350
MGG_17211,MGG_17211T0,4513018,4513470,452
MGG_06177,MGG_06177T0,2837010,2838616,1606
MGG_14910,MGG_14910T0,1796628,1797783,1155
MGG_05767,MGG_05767T0,6448958,6450740,1782
MGG_01394,MGG_01394T0,3377045,3380035,2990
MGG_00322,MGG_00322T0,3272028,3274005,1977
MGG_09188,MGG_09188T0,3673832,3675601,1769
MGG_09748,MGG_09748T0,5321079,5322407,1328
MGG_01822,MGG_01822T0,4976476,4978094,1618
MGG_10756,MGG_10756T0,74984,76730,1746
MGG_01264,MGG_01264T0,2894154,2896945,2791
MGG_12339,MGG_12339T0,6343014,6346631,3617
MGG_05214,MGG_05214T0,4991103,4992591,1488
MGG_15825,MGG_15825T0,5851507,5853867,2360
MGG_05841,MGG_05841T0,1687233,1688943,1710
MGG_12492,MGG_12492T0,8155727,8157313,1586
MGG_06969,MGG_06969T0,3407534,3410460,2926
MGG_17667,MGG_17667T0,1494756,1495157,401
MGG_06031,MGG_06031T0,2332489,2334125,1636
MGG_07666,MGG_07666T0,1434413,1437033,2620
MGG_15138,MGG_15138T0,4933522,4936011,2489
MGG_08434,MGG_08434T0,184657,188730,4073
MGG_08255,MGG_08255T0,8098419,8101628,3209
MGG_05061,MGG_05061T0,4460051,4463232,3181
MGG_00499,MGG_00499T0,2690526,2692788,2262
MGG_10410,MGG_10410T0,975430,980469,5039
MGG_15489,MGG_15489T3,135,2830,2695
MGG_15489,MGG_15489T0,135,3041,2906
MGG_15489,MGG_15489T2,135,2830,2695
MGG_15489,MGG_15489T1,135,3673,3538
MGG_03335,MGG_03335T0,2218713,2219999,1286
MGG_17553,MGG_17553T0,4459061,4460892,1831
MGG_02598,MGG_02598T0,2244428,2245442,1014
MGG_09323,MGG_09323T0,3675941,3678330,2389
MGG_04368,MGG_04368T0,649720,652764,3044
MGG_16784,MGG_16784T0,3144887,3146616,1729
MGG_14985,MGG_14985T0,41458,42998,1540
MGG_14341,MGG_14341T0,7956106,7959059,2953
MGG_04921,MGG_04921T0,3959398,3961233,1835
MGG_15892,MGG_15892T0,7052427,7052850,423
MGG_12210,MGG_12210T0,1237229,1239724,2495
MGG_05910,MGG_05910T0,1915500,1916947,1447
MGG_09728,MGG_09728T1,5373509,5375974,2465
MGG_09728,MGG_09728T0,5373509,5375786,2277
MGG_09649,MGG_09649T0,3080945,3082064,1119
MGG_08449,MGG_08449T0,245231,247791,2560
MGG_05089,MGG_05089T0,4567612,4571329,3717
MGG_17725,MGG_17725T0,2546685,2547986,1301
MGG_03411,MGG_03411T0,1960286,1962607,2321
MGG_05462,MGG_05462T0,5305698,5307231,1533
MGG_06759,MGG_06759T0,2620248,2623256,3008
MGG_17885,MGG_17885T0,585024,585455,431
MGG_17235,MGG_17235T0,4762425,4763696,1271
MGG_17866,MGG_17866T0,243292,243545,253
MGG_08366,MGG_08366T0,7688462,7689587,1125
MGG_02167,MGG_02167T0,777759,779802,2043
MGG_16053,MGG_16053T0,877826,878863,1037
MGG_01946,MGG_01946T0,14799,16581,1782
MGG_04164,MGG_04164T0,1750070,1751289,1219
MGG_16439,MGG_16439T0,6021954,6023505,1551
MGG_05805,MGG_05805T0,3033665,3035581,1916
MGG_04692,MGG_04692T0,6932066,6935479,3413
MGG_01652,MGG_01652T0,4341756,4343142,1386
MGG_10206,MGG_10206T0,183534,183872,338
MGG_05118,MGG_05118T0,4656636,4658533,1897
MGG_05273,MGG_05273T0,5237751,5240458,2707
MGG_00510,MGG_00510T0,2635539,2636588,1049
MGG_16559,MGG_16559T0,7847952,7848992,1040
MGG_16049,MGG_16049T0,826854,828198,1344
MGG_07781,MGG_07781T0,5747734,5749678,1944
MGG_11882,MGG_11882T0,2255034,2262189,7155
MGG_02978,MGG_02978T0,778536,780039,1503
MGG_13487,MGG_13487T0,1107417,1108643,1226
MGG_16755,MGG_16755T0,2527458,2528747,1289
MGG_11820,MGG_11820T0,2915731,2918758,3027
MGG_09626,MGG_09626T0,3154722,3155132,410
MGG_05358,MGG_05358T0,4936746,4937865,1119
MGG_16869,MGG_16869T0,4612071,4613389,1318
MGG_10343,MGG_10343T0,45558,47484,1926
MGG_02921,MGG_02921T0,1024302,1026036,1734
MGG_17095,MGG_17095T0,1868574,1869170,596
MGG_03523,MGG_03523T0,1600863,1603456,2593
MGG_15347,MGG_15347T0,213040,216015,2975
MGG_16395,MGG_16395T0,5541249,5543330,2081
MGG_16636,MGG_16636T0,642801,643995,1194
MGG_04784,MGG_04784T0,6707810,6709767,1957
MGG_14549,MGG_14549T0,4419604,4420336,732
MGG_06683,MGG_06683T0,2382373,2384360,1987
MGG_04543,MGG_04543T0,979555,981972,2417
MGG_16146,MGG_16146T0,2263755,2264111,356
MGG_10936,MGG_10936T0,828783,830071,1288
MGG_01709,MGG_01709T0,4536134,4537827,1693
MGG_15695,MGG_15695T0,3478474,3478788,314
MGG_01669,MGG_01669T0,4395898,4398646,2748
MGG_15682,MGG_15682T0,3276755,3279049,2294
MGG_11860,MGG_11860T0,2728341,2734242,5901
MGG_03264,MGG_03264T0,2482249,2484514,2265
MGG_06686,MGG_06686T0,2386862,2389666,2804
MGG_12513,MGG_12513T0,276468,278454,1986
MGG_05402,MGG_05402T0,5101313,5105229,3916
MGG_07375,MGG_07375T0,366429,371282,4853
MGG_04530,MGG_04530T0,936945,938004,1059
MGG_02847,MGG_02847T0,1291436,1292446,1010
MGG_00378,MGG_00378T0,3067310,3069160,1850
MGG_03032,MGG_03032T0,583076,584077,1001
MGG_14372,MGG_14372T0,3220528,3222368,1840
MGG_05901,MGG_05901T0,1882803,1884944,2141
MGG_17642,MGG_17642T0,1265784,1266427,643
MGG_16337,MGG_16337T0,4944164,4945201,1037
MGG_14744,MGG_14744T0,1312109,1314047,1938
MGG_08171,MGG_08171T0,5938906,5942351,3445
MGG_05279,MGG_05279T0,5251654,5253247,1593
MGG_02989,MGG_02989T0,733874,734228,354
MGG_06658,MGG_06658T0,2307569,2308991,1422
MGG_08980,MGG_08980T0,2358065,2360432,2367
MGG_03912,MGG_03912T0,2610977,2614227,3250
MGG_10970,MGG_10970T0,284320,287203,2883
MGG_10641,MGG_10641T0,6598531,6599468,937
MGG_04768,MGG_04768T0,1396070,1398383,2313
MGG_17133,MGG_17133T0,2736132,2736396,264
MGG_02975,MGG_02975T0,792065,792924,859
MGG_10159,MGG_10159T0,1644344,1644861,517
MGG_06944,MGG_06944T0,3328810,3330147,1337
MGG_13453,MGG_13453T0,1505274,1509215,3941
MGG_13863,MGG_13863T0,5918150,5918587,437
MGG_09131,MGG_09131T0,86076,87572,1496
MGG_06956,MGG_06956T0,3368260,3368988,728
MGG_00737,MGG_00737T0,1817039,1817620,581
MGG_15911,MGG_15911T0,7382985,7383290,305
MGG_11512,MGG_11512T0,2012849,2016112,3263
MGG_09558,MGG_09558T0,3281794,3284014,2220
MGG_12860,MGG_12860T0,4226722,4229036,2314
MGG_07283,MGG_07283T0,7091700,7096518,4818
MGG_06324,MGG_06324T0,4154481,4157450,2969
MGG_01204,MGG_01204T0,2643269,2646779,3510
MGG_04895,MGG_04895T0,3874802,3878024,3222
MGG_04337,MGG_04337T0,1130309,1133186,2877
MGG_16956,MGG_16956T0,6138147,6139085,938
MGG_10532,MGG_10532T0,4758477,4759863,1386
MGG_07322,MGG_07322T0,7252937,7254959,2022
MGG_07464,MGG_07464T0,733244,735370,2126
MGG_06327,MGG_06327T0,4143049,4145695,2646
MGG_04225,MGG_04225T0,1495366,1498010,2644
MGG_17711,MGG_17711T0,2292416,2292880,464
MGG_04107,MGG_04107T0,1940195,1942440,2245
MGG_05254,MGG_05254T0,5164077,5166276,2199
MGG_03323,MGG_03323T0,2259019,2264170,5151
MGG_14061,MGG_14061T0,3291740,3293930,2190
MGG_07075,MGG_07075T0,6277421,6279267,1846
MGG_05452,MGG_05452T0,5264205,5264702,497
MGG_02306,MGG_02306T0,1316740,1317973,1233
MGG_07310,MGG_07310T0,7190095,7194183,4088
MGG_15573,MGG_15573T0,1434656,1435658,1002
MGG_08061,MGG_08061T0,5565763,5568244,2481
MGG_12890,MGG_12890T0,5337576,5340941,3365
MGG_02841,MGG_02841T0,1310612,1312613,2001
MGG_02835,MGG_02835T0,1338943,1340588,1645
MGG_03847,MGG_03847T0,2837556,2838532,976
MGG_08873,MGG_08873T0,1943437,1946395,2958
MGG_02368,MGG_02368T0,1569390,1572031,2641
MGG_14633,MGG_14633T0,317360,320302,2942
MGG_05384,MGG_05384T0,5038562,5043652,5090
MGG_17833,MGG_17833T0,3861258,3861631,373
MGG_08312,MGG_08312T0,7909555,7912797,3242
MGG_04834,MGG_04834T0,1524211,1526435,2224
MGG_04054,MGG_04054T0,2107834,2109163,1329
MGG_17350,MGG_17350T0,1211591,1215572,3981
MGG_06842,MGG_06842T0,2955960,2959105,3145
MGG_02927,MGG_02927T0,998734,1002573,3839
MGG_17225,MGG_17225T0,4638641,4639036,395
MGG_16088,MGG_16088T0,1312371,1312931,560
MGG_15327,MGG_15327T0,4889618,4891900,2282
MGG_15035,MGG_15035T0,2394388,2395048,660
MGG_05337,MGG_05337T0,4860454,4862561,2107
MGG_03598,MGG_03598T0,1319144,1322158,3014
MGG_17755,MGG_17755T0,3044841,3045857,1016
MGG_03211,MGG_03211T0,2677771,2679604,1833
MGG_05352,MGG_05352T0,4912924,4914503,1579
MGG_17482,MGG_17482T0,3394643,3395050,407
MGG_08373,MGG_08373T0,7664892,7665934,1042
MGG_05815,MGG_05815T0,3063599,3064859,1260
MGG_17142,MGG_17142T0,2985063,2985452,389
MGG_16450,MGG_16450T0,6226423,6226767,344
MGG_06995,MGG_06995T0,3514074,3515866,1792
MGG_04155,MGG_04155T0,1785738,1788067,2329
MGG_00842,MGG_00842T0,1427307,1428643,1336
MGG_07450,MGG_07450T0,684904,689815,4911
MGG_05482,MGG_05482T0,5365326,5366238,912
MGG_16020,MGG_16020T0,404669,405636,967
MGG_00848,MGG_00848T0,1407308,1408663,1355
MGG_17969,MGG_17969T0,1570041,1571231,1190
MGG_03576,MGG_03576T0,1403951,1404986,1035
MGG_00382,MGG_00382T0,3058465,3060281,1816
MGG_16786,MGG_16786T0,3171383,3171972,589
MGG_03483,MGG_03483T0,1722196,1723550,1354
MGG_09223,MGG_09223T0,3819255,3821591,2336
MGG_05204,MGG_05204T0,4950295,4952156,1861
MGG_17322,MGG_17322T0,681253,681780,527
MGG_05990,MGG_05990T0,2205559,2207876,2317
MGG_16815,MGG_16815T1,3675693,3677792,2099
MGG_16815,MGG_16815T0,3675693,3677792,2099
MGG_11466,MGG_11466T0,1110963,1115008,4045
MGG_09711,MGG_09711T0,5418188,5419867,1679
MGG_00040,MGG_00040T0,4337029,4340077,3048
MGG_16968,MGG_16968T0,6279651,6280193,542
MGG_01952,MGG_01952T0,578738,580407,1669
MGG_07750,MGG_07750T0,5622848,5624134,1286
MGG_04453,MGG_04453T0,844663,846226,1563
MGG_04301,MGG_04301T0,1245636,1246073,437
MGG_06285,MGG_06285T0,4276753,4280712,3959
MGG_16030,MGG_16030T0,495873,496458,585
MGG_17768,MGG_17768T0,3207780,3208529,749
MGG_18016,MGG_18016T0,2239054,2240207,1153
MGG_06462,MGG_06462T0,3651587,3656069,4482
MGG_07752,MGG_07752T0,5638392,5641335,2943
MGG_03914,MGG_03914T1,2601921,2604171,2250
MGG_03914,MGG_03914T0,2602965,2603896,931
MGG_08332,MGG_08332T0,7796058,7800682,4624
MGG_03074,MGG_03074T0,384214,386264,2050
MGG_09889,MGG_09889T0,4237195,4238804,1609
MGG_09767,MGG_09767T0,5256287,5259358,3071
MGG_15522,MGG_15522T0,494343,496716,2373
MGG_07761,MGG_07761T0,5658470,5660070,1600
MGG_07531,MGG_07531T0,934175,937837,3662
MGG_16774,MGG_16774T0,2983190,2983685,495
MGG_07057,MGG_07057T0,6209228,6210621,1393
MGG_06294,MGG_06294T0,4261554,4262131,577
MGG_05611,MGG_05611T0,5847212,5847665,453
MGG_05039,MGG_05039T0,4380975,4384029,3054
MGG_07123,MGG_07123T0,6460205,6464655,4450
MGG_04513,MGG_04513T0,870866,873038,2172
MGG_09341,MGG_09341T0,3618848,3620226,1378
MGG_05761,MGG_05761T0,6435508,6437883,2375
MGG_15524,MGG_15524T0,504965,505418,453
MGG_03146,MGG_03146T0,2899578,2901401,1823
MGG_15371,MGG_15371T0,500799,501425,626
MGG_03695,MGG_03695T0,995555,998965,3410
MGG_00361,MGG_00361T0,3127042,3129184,2142
MGG_09248,MGG_09248T0,3916836,3917585,749
MGG_00125,MGG_00125T0,4051120,4053117,1997
MGG_01474,MGG_01474T0,3693016,3696560,3544
MGG_13347,MGG_13347T0,226776,229522,2746
MGG_08046,MGG_08046T0,5521290,5524359,3069
MGG_17253,MGG_17253T0,5027299,5028677,1378
MGG_08800,MGG_08800T0,77108,78925,1817
MGG_03303,MGG_03303T0,2335692,2338496,2804
MGG_02371,MGG_02371T0,1576938,1579134,2196
MGG_07873,MGG_07873T0,6115168,6116632,1464
MGG_07764,MGG_07764T0,5669748,5671706,1958
MGG_05047,MGG_05047T0,4409093,4412994,3901
MGG_02999,MGG_02999T0,698716,700736,2020
MGG_17936,MGG_17936T0,1089118,1090665,1547
MGG_00614,MGG_00614T0,2271838,2272343,505
MGG_01552,MGG_01552T0,3987187,3989227,2040
MGG_09818,MGG_09818T0,4014093,4015685,1592
MGG_05567,MGG_05567T0,5679549,5680663,1114
MGG_14184,MGG_14184T0,331122,332351,1229
MGG_04616,MGG_04616T0,1097580,1100399,2819
MGG_07446,MGG_07446T0,669334,672598,3264
MGG_17308,MGG_17308T0,210441,211466,1025
MGG_17308,MGG_17308T1,210517,211831,1314
MGG_03384,MGG_03384T0,2068138,2071450,3312
MGG_01780,MGG_01780T0,4801540,4806687,5147
MGG_10677,MGG_10677T0,80995,82604,1609
MGG_08925,MGG_08925T0,2141069,2146850,5781
MGG_01984,MGG_01984T0,133191,134723,1532
MGG_05595,MGG_05595T0,5781399,5787022,5623
MGG_17611,MGG_17611T0,883039,883429,390
MGG_04141,MGG_04141T0,1821159,1824524,3365
MGG_05267,MGG_05267T0,5220648,5221034,386
MGG_15139,MGG_15139T0,4952565,4957230,4665
MGG_01757,MGG_01757T0,4721441,4725522,4081
MGG_01303,MGG_01303T0,3038741,3040824,2083
MGG_15289,MGG_15289T0,927619,930418,2799
MGG_13816,MGG_13816T0,7360017,7362451,2434
MGG_06730,MGG_06730T0,2531019,2532069,1050
MGG_03905,MGG_03905T0,2637342,2638921,1579
MGG_16412,MGG_16412T0,5724729,5725073,344
MGG_03857,MGG_03857T0,2809887,2812158,2271
MGG_14638,MGG_14638T0,817692,818279,587
MGG_09160,MGG_09160T0,30788,34573,3785
MGG_02225,MGG_02225T0,1028520,1030512,1992
MGG_04924,MGG_04924T0,3971418,3973907,2489
MGG_17368,MGG_17368T0,1606455,1607064,609
MGG_15243,MGG_15243T0,3178571,3179775,1204
MGG_08628,MGG_08628T0,7611935,7613124,1189
MGG_01622,MGG_01622T0,4227881,4230157,2276
MGG_03331,MGG_03331T0,2235105,2236534,1429
MGG_10005,MGG_10005T0,4976365,4978131,1766
MGG_03855,MGG_03855T0,2813692,2815170,1478
MGG_02187,MGG_02187T0,888980,891839,2859
MGG_05988,MGG_05988T0,2200214,2202160,1946
MGG_04894,MGG_04894T0,3872255,3874593,2338
MGG_00389,MGG_00389T0,3032847,3033278,431
MGG_15479,MGG_15479T0,4596248,4598855,2607
MGG_15063,MGG_15063T0,5984037,5985792,1755
MGG_09665,MGG_09665T0,3026556,3027671,1115
MGG_00693,MGG_00693T0,1956363,1958825,2462
MGG_16017,MGG_16017T0,398262,398566,304
MGG_15690,MGG_15690T0,3351368,3352248,880
MGG_05069,MGG_05069T0,4482290,4483873,1583
MGG_10181,MGG_10181T0,1671810,1675861,4051
MGG_03761,MGG_03761T0,3149198,3155277,6079
MGG_04656,MGG_04656T0,1169294,1172134,2840
MGG_07368,MGG_07368T0,7406175,7408228,2053
MGG_04098,MGG_04098T0,1968199,1969437,1238
MGG_00269,MGG_00269T0,3462917,3463487,570
MGG_16293,MGG_16293T0,4338166,4338880,714
MGG_14472,MGG_14472T0,85947,87686,1739
MGG_00155,MGG_00155T0,3921921,3925730,3809
MGG_16567,MGG_16567T0,7910135,7910597,462
MGG_16931,MGG_16931T0,5790760,5791216,456
MGG_10519,MGG_10519T0,4692713,4694613,1900
MGG_04626,MGG_04626T0,7061451,7062703,1252
MGG_03026,MGG_03026T0,595249,598431,3182
MGG_14707,MGG_14707T0,3593727,3594229,502
MGG_14689,MGG_14689T0,3060966,3062620,1654
MGG_17494,MGG_17494T0,3535607,3535914,307
MGG_15607,MGG_15607T0,2062999,2065633,2634
MGG_13290,MGG_13290T0,1755905,1757331,1426
MGG_02419,MGG_02419T0,1780450,1787962,7512
MGG_15713,MGG_15713T0,3787229,3787996,767
MGG_05421,MGG_05421T0,5168593,5169866,1273
MGG_03120,MGG_03120T0,3006162,3007147,985
MGG_09727,MGG_09727T0,5377318,5379267,1949
MGG_06174,MGG_06174T0,2827876,2831877,4001
MGG_10425,MGG_10425T0,1027564,1028603,1039
MGG_13971,MGG_13971T0,444834,446327,1493
MGG_04476,MGG_04476T0,7371592,7373774,2182
MGG_17999,MGG_17999T0,1957532,1958020,488
MGG_07432,MGG_07432T0,611714,613543,1829
MGG_05621,MGG_05621T0,5876505,5877655,1150
MGG_03292,MGG_03292T0,2366612,2369574,2962
MGG_17786,MGG_17786T0,3374447,3375280,833
MGG_07445,MGG_07445T1,665986,668956,2970
MGG_07445,MGG_07445T0,666540,667809,1269
MGG_00987,MGG_00987T0,914371,918082,3711
MGG_08837,MGG_08837T0,1817124,1819316,2192
MGG_02538,MGG_02538T0,2444399,2446750,2351
MGG_16950,MGG_16950T0,6074512,6075310,798
MGG_09979,MGG_09979T0,5084996,5086918,1922
MGG_08306,MGG_08306T0,7928476,7930087,1611
MGG_06212,MGG_06212T0,2957346,2960464,3118
MGG_06222,MGG_06222T0,4487011,4488886,1875
MGG_07031,MGG_07031T0,6153331,6154596,1265
MGG_03538,MGG_03538T0,1546245,1551685,5440
MGG_16980,MGG_16980T0,6473164,6473626,462
MGG_05479,MGG_05479T0,5358124,5360227,2103
MGG_14584,MGG_14584T0,2495570,2496539,969
MGG_12735,MGG_12735T0,2440784,2444601,3817
MGG_16844,MGG_16844T0,4350243,4350615,372
MGG_15356,MGG_15356T0,746386,747617,1231
MGG_01624,MGG_01624T0,4237186,4240907,3721
MGG_06379,MGG_06379T0,3950796,3966364,15568
MGG_06063,MGG_06063T0,2436700,2442729,6029
MGG_03712,MGG_03712T0,940163,941465,1302
MGG_17820,MGG_17820T0,3726473,3728636,2163
MGG_17820,MGG_17820T1,3726473,3728200,1727
MGG_15053,MGG_15053T0,5609729,5614661,4932
MGG_01791,MGG_01791T0,4851187,4855328,4141
MGG_05608,MGG_05608T0,5835743,5836698,955
MGG_04568,MGG_04568T0,991196,993826,2630
MGG_16344,MGG_16344T0,5053675,5054059,384
MGG_04836,MGG_04836T0,1531236,1533814,2578
MGG_02425,MGG_02425T0,1809550,1816412,6862
MGG_12004,MGG_12004T0,3541751,3543867,2116
MGG_04478,MGG_04478T0,7356446,7359127,2681
MGG_09395,MGG_09395T0,3423428,3426926,3498
MGG_08506,MGG_08506T0,450416,451021,605
MGG_18054,MGG_18054T0,2821793,2823471,1678
MGG_17683,MGG_17683T0,1851470,1854916,3446
MGG_16295,MGG_16295T0,4352435,4353203,768
MGG_16274,MGG_16274T0,4087644,4088997,1353
MGG_01156,MGG_01156T0,312786,315617,2831
MGG_01156,MGG_01156T1,312113,316195,4082
MGG_15921,MGG_15921T0,7516479,7517001,522
MGG_09910,MGG_09910T0,4311351,4313678,2327
MGG_08994,MGG_08994T0,2399031,2400597,1566
MGG_08482,MGG_08482T0,375802,376230,428
MGG_09680,MGG_09680T0,5535637,5537576,1939
MGG_06637,MGG_06637T0,2215372,2217345,1973
MGG_07982,MGG_07982T0,6447935,6450258,2323
MGG_01846,MGG_01846T0,5077438,5080073,2635
MGG_16052,MGG_16052T0,848059,848376,317
MGG_08825,MGG_08825T0,1772533,1774849,2316
MGG_01687,MGG_01687T0,4460539,4462426,1887
MGG_08586,MGG_08586T0,775823,778093,2270
MGG_10120,MGG_10120T0,4574912,4575520,608
MGG_06408,MGG_06408T0,3842224,3844398,2174
MGG_00367,MGG_00367T0,3106575,3107824,1249
MGG_16861,MGG_16861T0,4527679,4530442,2763
MGG_14594,MGG_14594T0,1098850,1100135,1285
MGG_16343,MGG_16343T0,5047730,5048489,759
MGG_08734,MGG_08734T0,317190,318780,1590
MGG_01935,MGG_01935T0,612496,614936,2440
MGG_09091,MGG_09091T0,131788,133032,1244
MGG_01779,MGG_01779T0,4801476,4803767,2291
MGG_17296,MGG_17296T0,68118,69289,1171
MGG_08751,MGG_08751T0,257762,262225,4463
MGG_02386,MGG_02386T0,1637004,1639203,2199
MGG_15719,MGG_15719T0,3828743,3830294,1551
MGG_09470,MGG_09470T0,3572512,3573079,567
MGG_02976,MGG_02976T0,788251,792006,3755
MGG_11140,MGG_11140T0,4830833,4835763,4930
MGG_17564,MGG_17564T0,86690,86975,285
MGG_17115,MGG_17115T0,2222460,2223209,749
MGG_14655,MGG_14655T0,1439965,1444200,4235
MGG_14662,MGG_14662T0,1638669,1639099,430
MGG_15325,MGG_15325T0,4841428,4846314,4886
MGG_08168,MGG_08168T0,5928172,5932223,4051
MGG_08308,MGG_08308T0,7923161,7924642,1481
MGG_00965,MGG_00965T0,980146,981118,972
MGG_01745,MGG_01745T0,4675496,4677301,1805
MGG_05179,MGG_05179T0,4854339,4855721,1382
MGG_05847,MGG_05847T0,1702376,1704248,1872
MGG_05058,MGG_05058T0,4452116,4452626,510
MGG_09170,MGG_09170T0,3603913,3609958,6045
MGG_15813,MGG_15813T0,5622175,5622528,353
MGG_06556,MGG_06556T0,3307415,3308536,1121
MGG_15891,MGG_15891T0,7036651,7036998,347
MGG_08698,MGG_08698T0,422297,425453,3156
MGG_06409,MGG_06409T0,3839886,3841601,1715
MGG_01454,MGG_01454T0,3585135,3587506,2371
MGG_17206,MGG_17206T0,4426571,4428053,1482
MGG_06710,MGG_06710T0,2479275,2480715,1440
MGG_15792,MGG_15792T0,5286345,5288403,2058
MGG_07297,MGG_07297T0,7141201,7144498,3297
MGG_08616,MGG_08616T0,7582270,7586735,4465
MGG_00730,MGG_00730T0,1842361,1845389,3028
MGG_09198,MGG_09198T0,3709391,3712036,2645
MGG_17575,MGG_17575T0,248080,248431,351
MGG_10746,MGG_10746T0,78978,80689,1711
MGG_13895,MGG_13895T0,6146086,6147352,1266
MGG_11948,MGG_11948T0,1472074,1472892,818
MGG_11326,MGG_11326T0,1913001,1917233,4232
MGG_15378,MGG_15378T0,298968,299798,830
MGG_17375,MGG_17375T0,1724866,1725221,355
MGG_10686,MGG_10686T0,45216,50345,5129
MGG_03441,MGG_03441T0,1848519,1852725,4206
MGG_09599,MGG_09599T0,3272790,3273696,906
MGG_02837,MGG_02837T0,1332193,1335738,3545
MGG_02837,MGG_02837T1,1332193,1335858,3665
MGG_01212,MGG_01212T0,2680434,2682373,1939
MGG_13711,MGG_13711T0,616930,618141,1211
MGG_15876,MGG_15876T0,6715994,6718836,2842
MGG_04174,MGG_04174T0,1713333,1715436,2103
MGG_02924,MGG_02924T0,1010054,1013103,3049
MGG_11330,MGG_11330T0,1838824,1839716,892
MGG_15530,MGG_15530T0,645123,646880,1757
MGG_07553,MGG_07553T0,1000184,1001812,1628
MGG_03156,MGG_03156T0,2860277,2862227,1950
MGG_00621,MGG_00621T0,2239260,2243657,4397
MGG_15100,MGG_15100T0,7698702,7709395,10693
MGG_04693,MGG_04693T0,6929520,6931564,2044
MGG_15549,MGG_15549T0,1150815,1151237,422
MGG_00199,MGG_00199T0,3738599,3744799,6200
MGG_14202,MGG_14202T0,217127,221055,3928
MGG_14964,MGG_14964T0,893684,894112,428
MGG_14302,MGG_14302T0,6558910,6561181,2271
MGG_16840,MGG_16840T0,4328309,4330240,1931
MGG_08260,MGG_08260T0,8082459,8083556,1097
MGG_14941,MGG_14941T0,2753275,2754267,992
MGG_06750,MGG_06750T0,2595874,2599508,3634
MGG_06690,MGG_06690T0,2404651,2406913,2262
MGG_07449,MGG_07449T0,680937,682556,1619
MGG_15999,MGG_15999T0,254279,254934,655
MGG_14243,MGG_14243T0,192581,194061,1480
MGG_11723,MGG_11723T0,4292481,4293156,675
MGG_06554,MGG_06554T0,3311595,3314173,2578
MGG_04172,MGG_04172T0,1718408,1720780,2372
MGG_10055,MGG_10055T0,4785912,4787119,1207
MGG_00914,MGG_00914T0,1157168,1157882,714
MGG_06251,MGG_06251T1,4401310,4403540,2230
MGG_06251,MGG_06251T0,4401310,4404758,3448
MGG_04231,MGG_04231T0,1480708,1484067,3359
MGG_12848,MGG_12848T0,4015836,4017269,1433
MGG_18127,MGG_18127T0,390588,391524,936
MGG_08583,MGG_08583T0,763966,767364,3398
MGG_01809,MGG_01809T0,4916494,4917347,853
MGG_17604,MGG_17604T0,766363,766825,462
MGG_18117,MGG_18117T0,154341,155699,1358
MGG_15030,MGG_15030T0,2137020,2137784,764
MGG_16592,MGG_16592T0,214272,214592,320
MGG_10323,MGG_10323T0,107920,110232,2312
MGG_08539,MGG_08539T0,571498,572710,1212
MGG_16889,MGG_16889T0,5054946,5055527,581
MGG_00967,MGG_00967T0,975919,977309,1390
MGG_01589,MGG_01589T0,4110604,4111853,1249
MGG_15266,MGG_15266T0,6487953,6488924,971
MGG_02704,MGG_02704T0,1805565,1808362,2797
MGG_01879,MGG_01879T0,5191517,5191888,371
MGG_15780,MGG_15780T0,4978968,4979732,764
MGG_13778,MGG_13778T0,6936617,6939660,3043
MGG_12007,MGG_12007T0,3524696,3526597,1901
MGG_11210,MGG_11210T0,3536169,3540188,4019
MGG_16519,MGG_16519T0,7261981,7262427,446
MGG_14976,MGG_14976T0,508742,510400,1658
MGG_10640,MGG_10640T0,6593837,6596176,2339
MGG_17266,MGG_17266T0,5220659,5221104,445
MGG_05590,MGG_05590T0,5757154,5758501,1347
MGG_11876,MGG_11876T0,2395002,2398405,3403
MGG_11541,MGG_11541T0,2278134,2282947,4813
MGG_01227,MGG_01227T0,2754841,2761069,6228
MGG_09165,MGG_09165T0,18184,20277,2093
MGG_01800,MGG_01800T0,4876949,4880276,3327
MGG_13037,MGG_13037T0,5050073,5050502,429
MGG_03060,MGG_03060T0,448949,457082,8133
MGG_02085,MGG_02085T0,515208,516679,1471
MGG_08569,MGG_08569T0,688701,690739,2038
MGG_03455,MGG_03455T0,1804848,1806858,2010
MGG_03216,MGG_03216T0,2662487,2663825,1338
MGG_08946,MGG_08946T0,2244105,2244815,710
MGG_04867,MGG_04867T0,3774401,3775848,1447
MGG_17307,MGG_17307T0,203241,204980,1739
MGG_11080,MGG_11080T0,2949604,2951866,2262
MGG_13762,MGG_13762T0,6743712,6748276,4564
MGG_08884,MGG_08884T0,1979919,1986005,6086
MGG_09312,MGG_09312T0,4185747,4188915,3168
MGG_15287,MGG_15287T0,1015097,1018179,3082
MGG_01256,MGG_01256T0,2871410,2873743,2333
MGG_06481,MGG_06481T0,3583342,3587465,4123
MGG_17589,MGG_17589T0,554380,554842,462
MGG_16797,MGG_16797T0,3456372,3456860,488
MGG_07252,MGG_07252T0,6955377,6957162,1785
MGG_07082,MGG_07082T0,6293109,6294050,941
MGG_09891,MGG_09891T0,4239867,4242825,2958
MGG_04330,MGG_04330T0,1152518,1155680,3162
MGG_02971,MGG_02971T0,802788,804446,1658
MGG_00881,MGG_00881T0,1281218,1283431,2213
MGG_17330,MGG_17330T0,859030,859452,422
MGG_15952,MGG_15952T0,7899981,7900671,690
MGG_09158,MGG_09158T0,39533,40044,511
MGG_08560,MGG_08560T0,666930,668192,1262
MGG_08560,MGG_08560T1,666930,668192,1262
MGG_16971,MGG_16971T0,6303818,6307056,3238
MGG_17534,MGG_17534T0,4112974,4113352,378
MGG_07634,MGG_07634T0,1276302,1278968,2666
MGG_06111,MGG_06111T0,2610684,2613947,3263
MGG_06046,MGG_06046T0,2387975,2389188,1213
MGG_01917,MGG_01917T0,656616,657359,743
MGG_00455,MGG_00455T0,2835944,2839251,3307
MGG_11770,MGG_11770T0,3731429,3732115,686
MGG_04758,MGG_04758T1,1377380,1381346,3966
MGG_04758,MGG_04758T0,1377380,1381346,3966
MGG_00951,MGG_00951T0,1020233,1022702,2469
MGG_01835,MGG_01835T0,5036835,5041862,5027
MGG_10251,MGG_10251T0,313135,315378,2243
MGG_18129,MGG_18129T0,415610,416072,462
MGG_12650,MGG_12650T0,2194861,2198087,3226
MGG_04942,MGG_04942T0,4023930,4026154,2224
MGG_02476,MGG_02476T0,1996706,2004791,8085
MGG_17189,MGG_17189T0,4041464,4041854,390
MGG_17695,MGG_17695T0,2058227,2059941,1714
MGG_16725,MGG_16725T0,2136416,2138994,2578
MGG_05159,MGG_05159T0,4791690,4793100,1410
MGG_15717,MGG_15717T0,3818288,3818750,462
MGG_17141,MGG_17141T0,2968636,2969563,927
MGG_09972,MGG_09972T0,5107911,5109976,2065
MGG_01140,MGG_01140T0,357775,361077,3302
MGG_15835,MGG_15835T0,5991543,5992004,461
MGG_06512,MGG_06512T0,3471086,3473852,2766
MGG_15982,MGG_15982T0,8302119,8303987,1868
MGG_12520,MGG_12520T0,388619,389484,865
MGG_04450,MGG_04450T0,838063,839553,1490
MGG_01000,MGG_01000T0,869425,872576,3151
MGG_00684,MGG_00684T0,2002141,2004673,2532
MGG_06533,MGG_06533T0,3378945,3380693,1748
MGG_17767,MGG_17767T0,3202545,3203903,1358
MGG_09569,MGG_09569T0,3238883,3239339,456
MGG_04612,MGG_04612T0,1088711,1090243,1532
MGG_02917,MGG_02917T0,1033909,1038907,4998
MGG_17432,MGG_17432T0,2574402,2575001,599
MGG_14045,MGG_14045T0,3145223,3146292,1069
MGG_08522,MGG_08522T0,506178,506549,371
MGG_03209,MGG_03209T0,2682405,2684144,1739
MGG_05555,MGG_05555T0,5616055,5618140,2085
MGG_14110,MGG_14110T0,66931,68397,1466
MGG_15885,MGG_15885T0,6913912,6915094,1182
MGG_08263,MGG_08263T0,8072364,8073708,1344
MGG_05370,MGG_05370T0,4982310,4983425,1115
MGG_03314,MGG_03314T0,2295056,2302719,7663
MGG_09192,MGG_09192T0,3685050,3688244,3194
MGG_09192,MGG_09192T1,3684622,3689499,4877
MGG_08293,MGG_08293T0,7980320,7982684,2364
MGG_07935,MGG_07935T0,6292786,6294409,1623
MGG_07201,MGG_07201T0,6743243,6745368,2125
MGG_13656,MGG_13656T0,5436267,5438832,2565
MGG_14732,MGG_14732T0,544304,544925,621
MGG_03704,MGG_03704T0,963329,964748,1419
MGG_09017,MGG_09017T0,2692266,2694660,2394
MGG_03244,MGG_03244T0,2563073,2565436,2363
MGG_05064,MGG_05064T0,4467725,4468877,1152
MGG_06132,MGG_06132T0,2677295,2678375,1080
MGG_05500,MGG_05500T0,5444873,5446823,1950
MGG_07203,MGG_07203T0,6748837,6751816,2979
MGG_08860,MGG_08860T0,1899060,1900418,1358
MGG_17264,MGG_17264T0,5180513,5182180,1667
MGG_13483,MGG_13483T0,1059393,1061255,1862
MGG_07213,MGG_07213T1,6787775,6792265,4490
MGG_07213,MGG_07213T0,6787775,6792265,4490
MGG_16051,MGG_16051T0,844193,844492,299
MGG_08703,MGG_08703T0,407843,412162,4319
MGG_04868,MGG_04868T0,3774983,3778134,3151
MGG_16612,MGG_16612T0,442227,442771,544
MGG_09843,MGG_09843T0,3928004,3928693,689
MGG_04401,MGG_04401T0,7468114,7470406,2292
MGG_17619,MGG_17619T0,954603,955474,871
MGG_12177,MGG_12177T0,1532973,1535253,2280
MGG_16790,MGG_16790T0,3256325,3256998,673
MGG_00258,MGG_00258T0,3503407,3505590,2183
MGG_00929,MGG_00929T0,1088703,1092523,3820
MGG_08671,MGG_08671T0,484866,485838,972
MGG_10394,MGG_10394T0,929931,931640,1709
MGG_06172,MGG_06172T0,2822981,2824795,1814
MGG_17452,MGG_17452T0,2846006,2850416,4410
MGG_16341,MGG_16341T0,5005181,5009376,4195
MGG_13286,MGG_13286T0,1797382,1799005,1623
MGG_05902,MGG_05902T0,1888303,1889983,1680
MGG_10192,MGG_10192T0,1707455,1711637,4182
MGG_12614,MGG_12614T0,1886187,1887516,1329
MGG_08265,MGG_08265T0,8067863,8070335,2472
MGG_17396,MGG_17396T0,2076575,2078061,1486
MGG_16475,MGG_16475T0,6539942,6540283,341
MGG_14552,MGG_14552T0,3842458,3843342,884
MGG_11247,MGG_11247T0,2867939,2869486,1547
MGG_06135,MGG_06135T0,2684319,2686386,2067
MGG_05406,MGG_05406T0,5116068,5116789,721
MGG_18067,MGG_18067T0,2986013,2986324,311
MGG_06933,MGG_06933T0,3297660,3299553,1893
MGG_00612,MGG_00612T0,2288540,2290568,2028
MGG_18116,MGG_18116T0,148516,149490,974
MGG_15197,MGG_15197T0,551642,552022,380
MGG_15940,MGG_15940T0,7825991,7826453,462
MGG_05095,MGG_05095T0,4593405,4598444,5039
MGG_03561,MGG_03561T0,1459775,1461412,1637
MGG_00604,MGG_00604T0,2312300,2314797,2497
MGG_00210,MGG_00210T0,3663453,3664810,1357
MGG_16718,MGG_16718T0,2021939,2024010,2071
MGG_17460,MGG_17460T0,2961915,2963203,1288
MGG_13800,MGG_13800T0,7146370,7150182,3812
MGG_16164,MGG_16164T0,2627477,2627839,362
MGG_13526,MGG_13526T0,1419518,1424019,4501
MGG_10647,MGG_10647T0,4529771,4531008,1237
MGG_12678,MGG_12678T0,2595756,2597567,1811
MGG_15536,MGG_15536T0,723982,732043,8061
MGG_14849,MGG_14849T0,3608590,3609290,700
MGG_09890,MGG_09890T0,4238946,4239389,443
MGG_02004,MGG_02004T0,201074,201655,581
MGG_03401,MGG_03401T0,2005930,2015207,9277
MGG_00607,MGG_00607T0,2301230,2302610,1380
MGG_07703,MGG_07703T0,5467611,5469140,1529
MGG_04540,MGG_04540T0,969380,971464,2084
MGG_02155,MGG_02155T0,750097,750927,830
MGG_02540,MGG_02540T0,2434073,2436238,2165
MGG_10508,MGG_10508T0,4646250,4648314,2064
MGG_06699,MGG_06699T0,2435622,2439961,4339
MGG_15337,MGG_15337T0,5375962,5376186,224
MGG_09263,MGG_09263T0,3975690,3981533,5843
MGG_00576,MGG_00576T0,2434899,2436213,1314
MGG_02350,MGG_02350T0,1497150,1498350,1200
MGG_17457,MGG_17457T0,2907599,2908080,481
MGG_03150,MGG_03150T0,2883873,2885829,1956
MGG_15056,MGG_15056T0,5713517,5714635,1118
MGG_08395,MGG_08395T0,7578695,7580406,1711
MGG_01794,MGG_01794T0,4859307,4862014,2707
MGG_08826,MGG_08826T1,1775767,1780709,4942
MGG_08826,MGG_08826T0,1775767,1780709,4942
MGG_06121,MGG_06121T0,2641292,2645365,4073
MGG_00818,MGG_00818T0,1507508,1509401,1893
MGG_07904,MGG_07904T0,6199530,6199916,386
MGG_03382,MGG_03382T0,2077819,2079846,2027
MGG_01560,MGG_01560T0,4009626,4010708,1082
MGG_17627,MGG_17627T0,1044101,1045796,1695
MGG_03469,MGG_03469T0,1758138,1759305,1167
MGG_13068,MGG_13068T0,5274793,5277019,2226
MGG_04582,MGG_04582T0,7156396,7158640,2244
MGG_15748,MGG_15748T0,4326758,4328781,2023
MGG_04200,MGG_04200T0,1614411,1615730,1319
MGG_12477,MGG_12477T0,7999256,8001333,2077
MGG_07667,MGG_07667T0,1437069,1439251,2182
MGG_07604,MGG_07604T0,1173944,1175038,1094
MGG_15313,MGG_15313T0,6717280,6721200,3920
MGG_17150,MGG_17150T0,3095179,3096190,1011
MGG_12832,MGG_12832T0,3644758,3647758,3000
MGG_00696,MGG_00696T0,1947557,1949439,1882
MGG_05442,MGG_05442T0,5226767,5228462,1695
MGG_12634,MGG_12634T0,2041153,2043166,2013
MGG_05673,MGG_05673T0,6076189,6078103,1914
MGG_05403,MGG_05403T0,5105523,5105918,395
MGG_00274,MGG_00274T0,3450526,3451703,1177
MGG_01080,MGG_01080T0,574750,580221,5471
MGG_11544,MGG_11544T0,2292275,2292786,511
MGG_14668,MGG_14668T0,2248021,2248503,482
MGG_01005,MGG_01005T0,847736,849138,1402
MGG_01711,MGG_01711T0,4539383,4542141,2758
MGG_16243,MGG_16243T0,3741349,3746034,4685
MGG_16243,MGG_16243T1,3741349,3746034,4685
MGG_03087,MGG_03087T0,345253,347740,2487
MGG_18069,MGG_18069T0,2993948,2994410,462
MGG_04472,MGG_04472T0,7383901,7388649,4748
MGG_08850,MGG_08850T0,1866105,1869126,3021
MGG_15258,MGG_15258T0,6132495,6133792,1297
MGG_16260,MGG_16260T0,3949304,3951113,1809
MGG_12892,MGG_12892T0,5302690,5304323,1633
MGG_17342,MGG_17342T0,1109309,1110735,1426
MGG_09182,MGG_09182T0,3646309,3647121,812
MGG_00856,MGG_00856T0,1373550,1378082,4532
MGG_08611,MGG_08611T0,7569175,7570836,1661
MGG_16065,MGG_16065T0,986363,988888,2525
MGG_16216,MGG_16216T0,3309941,3310846,905
MGG_09604,MGG_09604T0,3255889,3257160,1271
MGG_16524,MGG_16524T0,7388547,7389060,513
MGG_09996,MGG_09996T0,5011163,5011894,731
MGG_17099,MGG_17099T0,1996238,1997241,1003
MGG_04763,MGG_04763T0,1393089,1393532,443
MGG_00419,MGG_00419T0,2945735,2947702,1967
MGG_08303,MGG_08303T0,7937800,7941436,3636
MGG_07246,MGG_07246T0,6939119,6939917,798
MGG_14830,MGG_14830T0,4864873,4866102,1229
MGG_06380,MGG_06380T0,3944244,3950494,6250
MGG_01288,MGG_01288T0,2988738,2991015,2277
MGG_01994,MGG_01994T0,168259,170019,1760
MGG_02456,MGG_02456T0,1942474,1946409,3935
MGG_02456,MGG_02456T1,1942021,1946955,4934
MGG_15214,MGG_15214T0,1326657,1327355,698
MGG_15083,MGG_15083T0,6620946,6623907,2961
MGG_06951,MGG_06951T0,3349754,3351722,1968
MGG_01009,MGG_01009T0,837069,838654,1585
MGG_06530,MGG_06530T0,3391551,3393538,1987
MGG_03173,MGG_03173T0,2805888,2808152,2264
MGG_16515,MGG_16515T0,7183448,7184565,1117
MGG_15282,MGG_15282T0,1360842,1364018,3176
MGG_11513,MGG_11513T0,2018633,2021578,2945
MGG_08025,MGG_08025T0,5452900,5458707,5807
MGG_06617,MGG_06617T0,3080297,3085638,5341
MGG_01246,MGG_01246T0,2831970,2832957,987
MGG_06346,MGG_06346T0,4078995,4082508,3513
MGG_12822,MGG_12822T0,3553854,3556201,2347
MGG_15745,MGG_15745T0,4279781,4282453,2672
MGG_13216,MGG_13216T0,2509278,2510310,1032
MGG_01632,MGG_01632T0,4274135,4277543,3408
MGG_04734,MGG_04734T0,6841621,6841968,347
MGG_01487,MGG_01487T0,3753170,3754781,1611
MGG_02744,MGG_02744T0,1685015,1687643,2628
MGG_01596,MGG_01596T1,4130753,4133222,2469
MGG_01596,MGG_01596T0,4130367,4133706,3339
MGG_04547,MGG_04547T0,7248499,7249246,747
MGG_06066,MGG_06066T0,2451161,2455629,4468
MGG_08288,MGG_08288T0,7994138,7996432,2294
MGG_00669,MGG_00669T0,2078546,2081022,2476
MGG_16575,MGG_16575T0,7938556,7940060,1504
MGG_01945,MGG_01945T0,582474,583260,786
MGG_14155,MGG_14155T0,4094465,4095337,872
MGG_10379,MGG_10379T0,477973,482767,4794
MGG_17479,MGG_17479T0,3306610,3307153,543
MGG_16732,MGG_16732T0,2224962,2225129,167
MGG_16186,MGG_16186T0,2947571,2949887,2316
MGG_06972,MGG_06972T0,3422143,3422996,853
MGG_06527,MGG_06527T0,3399898,3405270,5372
MGG_07489,MGG_07489T0,811980,813592,1612
MGG_15357,MGG_15357T0,693836,696212,2376
MGG_12776,MGG_12776T0,3012312,3014501,2189
MGG_16884,MGG_16884T0,4985734,4986112,378
MGG_01577,MGG_01577T0,4066090,4068924,2834
MGG_04378,MGG_04378T0,686595,689013,2418
MGG_15064,MGG_15064T0,6023438,6024254,816
MGG_04377,MGG_04377T0,680098,685268,5170
MGG_09389,MGG_09389T0,3443689,3445518,1829
MGG_15670,MGG_15670T0,3083117,3085809,2692
MGG_10107,MGG_10107T0,4619373,4620661,1288
MGG_01021,MGG_01021T0,778033,780220,2187
MGG_17950,MGG_17950T0,1270845,1271350,505
MGG_13660,MGG_13660T0,5484021,5485118,1097
MGG_06622,MGG_06622T0,3070472,3072240,1768
MGG_16704,MGG_16704T0,1708024,1708649,625
MGG_13931,MGG_13931T1,85870,87990,2120
MGG_13931,MGG_13931T0,85624,88927,3303
MGG_05014,MGG_05014T0,4306009,4308562,2553
MGG_09402,MGG_09402T0,3392521,3393346,825
MGG_15824,MGG_15824T0,5850695,5851580,885
MGG_07228,MGG_07228T0,6871851,6875548,3697
MGG_04990,MGG_04990T0,4190069,4192499,2430
MGG_06915,MGG_06915T0,3238455,3240055,1600
MGG_16952,MGG_16952T0,6092926,6094134,1208
MGG_02806,MGG_02806T0,1448657,1451687,3030
MGG_17775,MGG_17775T0,3252909,3253371,462
MGG_04805,MGG_04805T0,1466996,1468827,1831
MGG_13617,MGG_13617T0,4987391,4991655,4264
MGG_10633,MGG_10633T0,6572179,6573627,1448
MGG_08167,MGG_08167T0,5922782,5924751,1969
MGG_02603,MGG_02603T0,2223119,2224390,1271
MGG_00716,MGG_00716T0,1895864,1897603,1739
MGG_16951,MGG_16951T0,6092085,6092655,570
MGG_14002,MGG_14002T0,738456,740426,1970
MGG_14001,MGG_14001T0,691798,693844,2046
MGG_08828,MGG_08828T0,1791133,1793293,2160
MGG_12942,MGG_12942T0,4559113,4559423,310
MGG_01466,MGG_01466T0,3643770,3646733,2963
MGG_01466,MGG_01466T1,3643770,3646733,2963
MGG_07867,MGG_07867T0,6103134,6104554,1420
MGG_01785,MGG_01785T0,4820251,4821614,1363
MGG_05821,MGG_05821T0,1606046,1606501,455
MGG_06441,MGG_06441T0,3722769,3724889,2120
MGG_07357,MGG_07357T0,7373903,7374565,662
MGG_06119,MGG_06119T0,2636527,2638902,2375
MGG_16310,MGG_16310T0,4616682,4617144,462
MGG_16363,MGG_16363T0,5265563,5266204,641
MGG_09280,MGG_09280T0,4089602,4090615,1013
MGG_15212,MGG_15212T0,1127312,1127865,553
MGG_10879,MGG_10879T0,752170,756451,4281
MGG_15618,MGG_15618T1,2250625,2250928,303
MGG_15618,MGG_15618T0,2250728,2251074,346
MGG_01947,MGG_01947T0,11835,13843,2008
MGG_15253,MGG_15253T0,5885328,5887143,1815
MGG_12489,MGG_12489T0,8146753,8148407,1654
MGG_16667,MGG_16667T0,1238396,1239078,682
MGG_16466,MGG_16466T0,6407280,6407876,596
MGG_15978,MGG_15978T0,8258203,8260094,1891
MGG_04762,MGG_04762T0,1391365,1392279,914
MGG_12707,MGG_12707T0,2018372,2020974,2602
MGG_02979,MGG_02979T0,777046,778251,1205
MGG_00501,MGG_00501T0,2682788,2685997,3209
MGG_17964,MGG_17964T0,1542622,1544389,1767
MGG_10587,MGG_10587T0,2801890,2803886,1996
MGG_10727,MGG_10727T0,123955,126473,2518
MGG_17286,MGG_17286T0,5517172,5521251,4079
MGG_16954,MGG_16954T0,6113341,6113541,200
MGG_15459,MGG_15459T0,5566063,5566442,379
MGG_09631,MGG_09631T0,3140124,3142492,2368
MGG_15582,MGG_15582T0,1593649,1595210,1561
MGG_08300,MGG_08300T0,7953160,7954095,935
MGG_05979,MGG_05979T0,2175755,2177966,2211
MGG_03766,MGG_03766T0,3132149,3134001,1852
MGG_07795,MGG_07795T0,5783214,5785056,1842
MGG_11471,MGG_11471T0,1139116,1139716,600
MGG_10816,MGG_10816T0,7498167,7500644,2477
MGG_02695,MGG_02695T0,1851822,1854094,2272
MGG_17223,MGG_17223T0,4617772,4618573,801
MGG_01433,MGG_01433T0,3506692,3509973,3281
MGG_16560,MGG_16560T0,7849344,7850395,1051
MGG_16252,MGG_16252T0,3851624,3852155,531
MGG_08814,MGG_08814T0,42553,44978,2425
MGG_07345,MGG_07345T0,7341198,7342439,1241
MGG_03612,MGG_03612T0,1266858,1269217,2359
MGG_07905,MGG_07905T0,6200381,6206799,6418
MGG_00422,MGG_00422T0,2940937,2941935,998
MGG_02336,MGG_02336T0,1446440,1447651,1211
MGG_00418,MGG_00418T0,2948541,2949107,566
MGG_01569,MGG_01569T0,4038814,4040535,1721
MGG_17089,MGG_17089T0,1812120,1812585,465
MGG_03806,MGG_03806T0,2988725,2989831,1106
MGG_01324,MGG_01324T0,3099335,3102510,3175
MGG_10789,MGG_10789T0,222021,222953,932
MGG_08629,MGG_08629T0,7614552,7615792,1240
MGG_00952,MGG_00952T0,1015109,1017424,2315
MGG_05070,MGG_05070T0,4484211,4485655,1444
MGG_04523,MGG_04523T0,910023,912869,2846
MGG_13454,MGG_13454T0,1509686,1511095,1409
MGG_06733,MGG_06733T0,2543568,2547024,3456
MGG_13398,MGG_13398T0,762826,764579,1753
MGG_16254,MGG_16254T0,3889587,3889812,225
MGG_02457,MGG_02457T0,1949459,1952068,2609
MGG_04309,MGG_04309T0,1219427,1222205,2778
MGG_05329,MGG_05329T0,5423230,5425021,1791
MGG_01111,MGG_01111T0,483533,484138,605
MGG_03346,MGG_03346T0,2192761,2194474,1713
MGG_16637,MGG_16637T0,658488,659269,781
MGG_08054,MGG_08054T0,5544324,5546492,2168
MGG_10010,MGG_10010T0,4952172,4953476,1304
MGG_06725,MGG_06725T0,2517772,2520353,2581
MGG_00928,MGG_00928T0,1094880,1100685,5805
MGG_00751,MGG_00751T0,1766570,1768366,1796
MGG_04752,MGG_04752T0,1368337,1369761,1424
MGG_04529,MGG_04529T0,935298,936814,1516
MGG_03479,MGG_03479T0,1738414,1740128,1714
MGG_01347,MGG_01347T0,3195366,3196711,1345
MGG_11181,MGG_11181T0,4140926,4145930,5004
MGG_15788,MGG_15788T0,5255412,5257138,1726
MGG_15744,MGG_15744T0,4263930,4264682,752
MGG_06350,MGG_06350T0,4067131,4071367,4236
MGG_06350,MGG_06350T1,4067131,4071367,4236
MGG_01120,MGG_01120T0,460377,463389,3012
MGG_07389,MGG_07389T0,416220,417908,1688
MGG_04772,MGG_04772T0,1406849,1408107,1258
MGG_06336,MGG_06336T0,4113150,4115349,2199
MGG_09900,MGG_09900T0,4271238,4272584,1346
MGG_03373,MGG_03373T0,2107394,2109984,2590
MGG_00852,MGG_00852T0,1392339,1395711,3372
MGG_16868,MGG_16868T0,4590447,4592842,2395
MGG_17753,MGG_17753T0,3024957,3027123,2166
MGG_07685,MGG_07685T0,1519403,1519768,365
MGG_17437,MGG_17437T0,2603580,2604716,1136
MGG_03685,MGG_03685T0,1023756,1024784,1028
MGG_09493,MGG_09493T0,3494895,3499625,4730
MGG_15794,MGG_15794T0,5306746,5307009,263
MGG_03191,MGG_03191T0,2759651,2763491,3840
MGG_08660,MGG_08660T0,7707560,7708921,1361
MGG_08593,MGG_08593T0,800610,802866,2256
MGG_02952,MGG_02952T0,879220,880379,1159
MGG_13585,MGG_13585T0,4656617,4657867,1250
MGG_05942,MGG_05942T0,2051539,2053962,2423
MGG_06123,MGG_06123T0,2648520,2649380,860
MGG_07487,MGG_07487T0,802318,807448,5130
MGG_04844,MGG_04844T0,3689026,3691926,2900
MGG_04485,MGG_04485T0,7336471,7337960,1489
MGG_12836,MGG_12836T0,3737509,3740795,3286
MGG_08257,MGG_08257T0,8090300,8093507,3207
MGG_08257,MGG_08257T1,8090085,8093507,3422
MGG_07067,MGG_07067T0,6251136,6253288,2152
MGG_10835,MGG_10835T0,514368,516344,1976
MGG_02929,MGG_02929T0,989770,990630,860
MGG_16961,MGG_16961T0,6193444,6197591,4147
MGG_00620,MGG_00620T0,2244342,2246593,2251
MGG_03657,MGG_03657T0,1111340,1112888,1548
MGG_17966,MGG_17966T0,1551264,1551850,586
MGG_02102,MGG_02102T0,571022,571407,385
MGG_15949,MGG_15949T0,7878708,7879125,417
MGG_08615,MGG_08615T0,7580979,7582343,1364
MGG_09789,MGG_09789T0,5176169,5176863,694
MGG_07482,MGG_07482T0,788696,790870,2174
MGG_16856,MGG_16856T0,4491891,4492289,398
MGG_05737,MGG_05737T0,6331751,6332193,442
MGG_16414,MGG_16414T0,5730884,5731599,715
MGG_10047,MGG_10047T0,4806796,4808118,1322
MGG_09873,MGG_09873T0,3829426,3830595,1169
MGG_13732,MGG_13732T0,785103,786889,1786
MGG_12792,MGG_12792T0,3215777,3217076,1299
MGG_15394,MGG_15394T1,3365769,3366707,938
MGG_15394,MGG_15394T0,3365769,3366707,938
MGG_07541,MGG_07541T0,963829,964443,614
MGG_16339,MGG_16339T0,4957967,4958373,406
MGG_14097,MGG_14097T0,178449,180687,2238
MGG_03759,MGG_03759T0,3159642,3161945,2303
MGG_13947,MGG_13947T0,270731,272825,2094
MGG_13947,MGG_13947T1,271130,272643,1513
MGG_03310,MGG_03310T0,2311702,2313995,2293
MGG_16234,MGG_16234T0,3493126,3494217,1091
MGG_05609,MGG_05609T0,5837510,5839771,2261
MGG_03470,MGG_03470T0,1755788,1758085,2297
MGG_16679,MGG_16679T0,1410151,1410315,164
MGG_08918,MGG_08918T0,2110382,2113139,2757
MGG_13289,MGG_13289T0,1758345,1759238,893
MGG_15126,MGG_15126T0,4563533,4564068,535
MGG_04916,MGG_04916T0,3947197,3947497,300
MGG_03771,MGG_03771T0,3114696,3116345,1649
MGG_17986,MGG_17986T0,1797725,1799178,1453
MGG_16371,MGG_16371T1,5343656,5344940,1284
MGG_16371,MGG_16371T0,5343656,5344940,1284
MGG_05644,MGG_05644T0,5960166,5962304,2138
MGG_06415,MGG_06415T0,3825146,3826349,1203
MGG_08491,MGG_08491T0,408963,409328,365
MGG_06171,MGG_06171T0,2820725,2822072,1347
MGG_16496,MGG_16496T0,6767415,6767747,332
MGG_09882,MGG_09882T0,4221631,4225863,4232
MGG_03656,MGG_03656T0,1113063,1116841,3778
MGG_15507,MGG_15507T0,207414,207905,491
MGG_02156,MGG_02156T0,751153,753908,2755
MGG_17334,MGG_17334T0,959022,959408,386
MGG_14914,MGG_14914T0,1952033,1954039,2006
MGG_06064,MGG_06064T0,2443690,2446391,2701
MGG_01351,MGG_01351T0,3213292,3216655,3363
MGG_16558,MGG_16558T0,7841640,7842821,1181
MGG_17521,MGG_17521T0,3888501,3889517,1016
MGG_08005,MGG_08005T0,5396380,5399471,3091
MGG_15852,MGG_15852T0,6334702,6337927,3225
MGG_04407,MGG_04407T0,7451279,7453284,2005
MGG_13448,MGG_13448T0,1441498,1442974,1476
MGG_09906,MGG_09906T0,4293967,4295762,1795
MGG_18041,MGG_18041T0,2532168,2532494,326
MGG_15584,MGG_15584T0,1612354,1612735,381
MGG_03195,MGG_03195T0,2745597,2746948,1351
MGG_18078,MGG_18078T0,3095267,3095574,307
MGG_03419,MGG_03419T0,1935190,1937124,1934
MGG_03154,MGG_03154T0,2866977,2869619,2642
MGG_05880,MGG_05880T0,1817270,1818704,1434
MGG_04899,MGG_04899T0,3887463,3892304,4841
MGG_01261,MGG_01261T0,2885716,2888721,3005
MGG_04860,MGG_04860T0,3754472,3756061,1589
MGG_01731,MGG_01731T0,4609422,4610857,1435
MGG_17371,MGG_17371T0,1707468,1709717,2249
MGG_06790,MGG_06790T0,2754784,2756016,1232
MGG_12925,MGG_12925T0,4842350,4844941,2591
MGG_00602,MGG_00602T0,2334477,2336377,1900
MGG_00429,MGG_00429T0,2916015,2918522,2507
MGG_10657,MGG_10657T0,4563143,4564947,1804
MGG_05883,MGG_05883T1,1822772,1827534,4762
MGG_05883,MGG_05883T0,1822772,1827534,4762
MGG_09302,MGG_09302T0,4149264,4150511,1247
MGG_16212,MGG_16212T0,3259921,3261410,1489
MGG_03489,MGG_03489T0,1704781,1705284,503
MGG_17447,MGG_17447T0,2722952,2723857,905
MGG_04775,MGG_04775T1,6732693,6738723,6030
MGG_04775,MGG_04775T0,6732496,6739671,7175
MGG_04236,MGG_04236T0,1465232,1466367,1135
MGG_16605,MGG_16605T0,376483,376868,385
MGG_06236,MGG_06236T0,4451590,4452798,1208
MGG_15097,MGG_15097T0,7641419,7654280,12861
MGG_03355,MGG_03355T0,2163674,2164323,649
MGG_00216,MGG_00216T0,3638444,3638936,492
MGG_10445,MGG_10445T0,268418,270875,2457
MGG_02795,MGG_02795T0,1476261,1479832,3571
MGG_10665,MGG_10665T0,4588412,4589836,1424
MGG_11429,MGG_11429T0,437949,441272,3323
MGG_18095,MGG_18095T0,3350420,3351322,902
MGG_14879,MGG_14879T0,2198619,2199615,996
MGG_05708,MGG_05708T0,6189960,6192596,2636
MGG_18011,MGG_18011T0,2134414,2135232,818
MGG_17728,MGG_17728T0,2591062,2591285,223
MGG_02633,MGG_02633T0,2115430,2117757,2327
MGG_04727,MGG_04727T0,6855229,6859910,4681
MGG_02119,MGG_02119T0,621767,623611,1844
MGG_04776,MGG_04776T0,6730837,6731384,547
MGG_16674,MGG_16674T0,1339431,1339893,462
MGG_15664,MGG_15664T0,2980449,2980985,536
MGG_11801,MGG_11801T0,3119184,3122771,3587
MGG_02236,MGG_02236T0,1093256,1093919,663
MGG_14209,MGG_14209T0,181155,183069,1914
MGG_13118,MGG_13118T0,5675861,5676748,887
MGG_07005,MGG_07005T0,3555082,3556955,1873
MGG_18002,MGG_18002T0,2003458,2005160,1702
MGG_16734,MGG_16734T0,2236765,2244233,7468
MGG_07101,MGG_07101T0,6366264,6368818,2554
MGG_10759,MGG_10759T0,81055,81489,434
MGG_00961,MGG_00961T0,989230,991716,2486
MGG_02098,MGG_02098T0,561097,563246,2149
MGG_11518,MGG_11518T0,2023351,2024634,1283
MGG_16651,MGG_16651T0,899269,899761,492
MGG_00690,MGG_00690T0,1982747,1983363,616
MGG_01269,MGG_01269T0,2906804,2909613,2809
MGG_01633,MGG_01633T0,4277709,4279914,2205
MGG_10000,MGG_10000T0,4999536,5001387,1851
MGG_17003,MGG_17003T0,41782,44227,2445
MGG_02727,MGG_02727T0,1733913,1735227,1314
MGG_07132,MGG_07132T0,6489213,6491231,2018
MGG_10925,MGG_10925T0,7886881,7888802,1921
MGG_04510,MGG_04510T0,7272252,7273847,1595
MGG_09837,MGG_09837T0,3948613,3951611,2998
MGG_15633,MGG_15633T0,2552424,2552705,281
MGG_06016,MGG_06016T0,2285327,2289211,3884
MGG_01773,MGG_01773T0,4773949,4776423,2474
MGG_15913,MGG_15913T0,7431500,7431792,292
MGG_09479,MGG_09479T0,3544203,3548038,3835
MGG_07780,MGG_07780T0,5745560,5747018,1458
MGG_06551,MGG_06551T0,3317750,3319491,1741
MGG_02378,MGG_02378T0,1612633,1615708,3075
MGG_12886,MGG_12886T0,5393803,5395349,1546
MGG_03249,MGG_03249T0,2550841,2552752,1911
MGG_16000,MGG_16000T0,255018,255723,705
MGG_04093,MGG_04093T1,1990012,2000062,10050
MGG_04093,MGG_04093T0,1988304,1999824,11520
MGG_16443,MGG_16443T0,6072275,6076052,3777
MGG_06704,MGG_06704T0,2460853,2465768,4915
MGG_01172,MGG_01172T0,2504817,2509925,5108
MGG_08281,MGG_08281T0,8010809,8016482,5673
MGG_00787,MGG_00787T0,1620249,1621721,1472
MGG_16992,MGG_16992T0,6594522,6595602,1080
MGG_07456,MGG_07456T0,699597,702807,3210
MGG_18008,MGG_18008T0,2100678,2101239,561
MGG_17473,MGG_17473T0,3228052,3230182,2130
MGG_11011,MGG_11011T0,514010,514720,710
MGG_07772,MGG_07772T0,5724218,5726052,1834
MGG_03910,MGG_03910T0,2617855,2620893,3038
MGG_02429,MGG_02429T0,1832202,1832902,700
MGG_17777,MGG_17777T0,3259966,3260475,509
MGG_04910,MGG_04910T0,3923407,3923852,445
MGG_01542,MGG_01542T0,3957986,3959976,1990
MGG_05136,MGG_05136T0,4721138,4722648,1510
MGG_15213,MGG_15213T0,1302764,1304158,1394
MGG_08801,MGG_08801T0,75215,76555,1340
MGG_04487,MGG_04487T0,7328486,7330086,1600
MGG_09765,MGG_09765T0,5263424,5264667,1243
MGG_01221,MGG_01221T0,2723577,2726153,2576
MGG_07509,MGG_07509T0,874732,878290,3558
MGG_09537,MGG_09537T0,3337987,3342943,4956
MGG_02158,MGG_02158T0,756486,757969,1483
MGG_05853,MGG_05853T0,1721323,1722579,1256
MGG_00806,MGG_00806T0,1543722,1553419,9697
MGG_01469,MGG_01469T0,3660590,3664880,4290
MGG_08142,MGG_08142T0,5837167,5838546,1379
MGG_06489,MGG_06489T0,3557208,3559391,2183
MGG_03034,MGG_03034T0,574552,576407,1855
MGG_01442,MGG_01442T0,3540035,3540850,815
MGG_06795,MGG_06795T0,2776217,2777683,1466
MGG_03188,MGG_03188T0,2771694,2773103,1409
MGG_13413,MGG_13413T0,968782,973040,4258
MGG_07273,MGG_07273T0,7040338,7042807,2469
MGG_12357,MGG_12357T0,6606427,6611565,5138
MGG_09857,MGG_09857T0,3869142,3870655,1513
MGG_02245,MGG_02245T0,1123593,1125208,1615
MGG_06107,MGG_06107T0,2602903,2604288,1385
MGG_11947,MGG_11947T0,1477013,1477282,269
MGG_06023,MGG_06023T0,2307470,2308989,1519
MGG_01893,MGG_01893T0,5240727,5242444,1717
MGG_17914,MGG_17914T0,950953,951848,895
MGG_13692,MGG_13692T0,368872,369201,329
MGG_16297,MGG_16297T0,4394863,4395700,837
MGG_08285,MGG_08285T0,8001865,8009642,7777
MGG_04902,MGG_04902T0,3897888,3899534,1646
MGG_17177,MGG_17177T0,3451530,3451697,167
MGG_01732,MGG_01732T0,4615058,4617250,2192
MGG_14685,MGG_14685T0,2919231,2920128,897
MGG_12891,MGG_12891T0,5335069,5336601,1532
MGG_16549,MGG_16549T0,7792129,7792815,686
MGG_13912,MGG_13912T0,6257139,6259161,2022
MGG_05813,MGG_05813T0,3059627,3061132,1505
MGG_04021,MGG_04021T0,2207642,2209582,1940
MGG_03962,MGG_03962T0,2417898,2420120,2222
MGG_03477,MGG_03477T0,1741660,1742911,1251
MGG_10027,MGG_10027T0,4887900,4891685,3785
MGG_06029,MGG_06029T0,2326715,2329692,2977
MGG_06719,MGG_06719T0,2501471,2504339,2868
MGG_08688,MGG_08688T0,458251,460109,1858
MGG_00592,MGG_00592T0,2377017,2379179,2162
MGG_03710,MGG_03710T0,946450,948990,2540
MGG_16780,MGG_16780T0,3106375,3107234,859
MGG_14801,MGG_14801T0,4158724,4162069,3345
MGG_08082,MGG_08082T0,5623838,5625060,1222
MGG_17585,MGG_17585T0,481197,481659,462
MGG_16189,MGG_16189T0,2966208,2966496,288
MGG_03440,MGG_03440T0,1854821,1856061,1240
MGG_12654,MGG_12654T0,2259564,2260013,449
MGG_10359,MGG_10359T0,855896,857143,1247
MGG_04920,MGG_04920T0,3957649,3959132,1483
MGG_02787,MGG_02787T0,1501181,1503389,2208
MGG_00868,MGG_00868T0,1320603,1323423,2820
MGG_17236,MGG_17236T0,4764324,4764673,349
MGG_14055,MGG_14055T0,3247498,3249100,1602
MGG_07736,MGG_07736T0,5572794,5575100,2306
MGG_06828,MGG_06828T0,2912810,2914627,1817
MGG_01209,MGG_01209T0,2663921,2668680,4759
MGG_13946,MGG_13946T0,269109,270920,1811
MGG_06827,MGG_06827T0,2906667,2909888,3221
MGG_07302,MGG_07302T1,7152424,7154658,2234
MGG_07302,MGG_07302T0,7152424,7154972,2548
MGG_05341,MGG_05341T0,4872450,4876394,3944
MGG_08764,MGG_08764T0,204736,205528,792
MGG_08764,MGG_08764T1,204594,205722,1128
MGG_00549,MGG_00549T0,2508203,2509524,1321
MGG_16633,MGG_16633T0,635503,637307,1804
MGG_16102,MGG_16102T0,1517371,1517837,466
MGG_15871,MGG_15871T0,6648846,6649070,224
MGG_07472,MGG_07472T0,755007,757091,2084
MGG_08797,MGG_08797T0,83509,84061,552
MGG_09332,MGG_09332T0,3652950,3654698,1748
MGG_10319,MGG_10319T0,120673,122197,1524
MGG_08777,MGG_08777T0,146041,148770,2729
MGG_06684,MGG_06684T0,2383284,2385324,2040
MGG_04119,MGG_04119T0,1887908,1889710,1802
MGG_17283,MGG_17283T0,5490452,5490815,363
MGG_15058,MGG_15058T0,5779368,5780269,901
MGG_13662,MGG_13662T0,64388,66316,1928
MGG_18113,MGG_18113T0,138743,139234,491
MGG_07995,MGG_07995T0,5358978,5360475,1497
MGG_17839,MGG_17839T0,3936816,3937188,372
MGG_16388,MGG_16388T0,5500954,5501889,935
MGG_17949,MGG_17949T0,1254637,1255029,392
MGG_15730,MGG_15730T0,3992061,3992920,859
MGG_10157,MGG_10157T0,1638791,1641788,2997
MGG_04584,MGG_04584T0,1028776,1030733,1957
MGG_16927,MGG_16927T0,5727888,5728678,790
MGG_16501,MGG_16501T0,6822423,6823510,1087
MGG_16452,MGG_16452T0,6265433,6265776,343
MGG_09816,MGG_09816T0,4019556,4020891,1335
MGG_09629,MGG_09629T0,3148487,3149056,569
MGG_03328,MGG_03328T0,2240686,2242358,1672
MGG_15061,MGG_15061T0,5856777,5858624,1847
MGG_02686,MGG_02686T0,1903326,1904702,1376
MGG_17117,MGG_17117T0,2324339,2325044,705
MGG_12228,MGG_12228T0,938203,939455,1252
MGG_09573,MGG_09573T0,3225577,3226619,1042
MGG_08809,MGG_08809T0,53066,54893,1827
MGG_05967,MGG_05967T0,2140579,2143342,2763
MGG_15648,MGG_15648T0,2744262,2745455,1193
MGG_02668,MGG_02668T0,1971997,1973728,1731
MGG_17465,MGG_17465T0,2995656,2997368,1712
MGG_17882,MGG_17882T0,564099,564899,800
MGG_00972,MGG_00972T0,966066,967415,1349
MGG_01856,MGG_01856T0,5119464,5121227,1763
MGG_15285,MGG_15285T0,1117486,1120084,2598
MGG_00798,MGG_00798T0,1588707,1591015,2308
MGG_10342,MGG_10342T0,47972,49573,1601
MGG_15511,MGG_15511T0,227880,228342,462
MGG_10590,MGG_10590T0,2788132,2791667,3535
MGG_17676,MGG_17676T0,1761516,1762375,859
MGG_14532,MGG_14532T0,712862,713371,509
MGG_02065,MGG_02065T1,452019,455035,3016
MGG_02065,MGG_02065T0,451821,455035,3214
MGG_14774,MGG_14774T0,2858208,2859341,1133
MGG_07792,MGG_07792T0,5775557,5776711,1154
MGG_17304,MGG_17304T0,113566,113971,405
MGG_07110,MGG_07110T0,6391407,6395530,4123
MGG_00045,MGG_00045T0,4311449,4313753,2304
MGG_11627,MGG_11627T0,3604659,3605153,494
MGG_07888,MGG_07888T0,6158544,6160664,2120
MGG_08731,MGG_08731T0,325256,329533,4277
MGG_08012,MGG_08012T0,5410032,5412294,2262
MGG_06412,MGG_06412T0,3830730,3832648,1918
MGG_03703,MGG_03703T0,966805,971275,4470
MGG_16652,MGG_16652T0,954580,955206,626
MGG_17023,MGG_17023T0,365147,366898,1751
MGG_08773,MGG_08773T0,164418,166564,2146
MGG_05235,MGG_05235T0,5088323,5090376,2053
MGG_05591,MGG_05591T0,5759786,5760533,747
MGG_06157,MGG_06157T0,2770806,2773322,2516
MGG_02612,MGG_02612T0,2198634,2200418,1784
MGG_03302,MGG_03302T0,2338660,2341743,3083
MGG_08965,MGG_08965T0,2301198,2303038,1840
MGG_05709,MGG_05709T0,6195335,6200452,5117
MGG_16062,MGG_16062T0,963040,964366,1326
MGG_16255,MGG_16255T0,3904457,3905104,647
MGG_03338,MGG_03338T0,2212381,2213432,1051
MGG_11237,MGG_11237T0,2985772,2986745,973
MGG_07038,MGG_07038T0,6172458,6173740,1282
MGG_09292,MGG_09292T0,4123728,4125844,2116
MGG_03864,MGG_03864T0,2787600,2791459,3859
MGG_00232,MGG_00232T0,3582026,3582256,230
MGG_08868,MGG_08868T0,1926834,1928197,1363
MGG_05298,MGG_05298T0,5318744,5321574,2830
MGG_16492,MGG_16492T0,6704178,6706661,2483
MGG_04651,MGG_04651T0,1136508,1138365,1857
MGG_06402,MGG_06402T0,3857533,3858961,1428
MGG_01877,MGG_01877T0,5185490,5187029,1539
MGG_00968,MGG_00968T0,974475,975917,1442
MGG_16905,MGG_16905T0,5368385,5370998,2613
MGG_09812,MGG_09812T0,4035334,4037789,2455
MGG_02408,MGG_02408T0,1744598,1748667,4069
MGG_12690,MGG_12690T0,2638622,2639145,523
MGG_01743,MGG_01743T0,4670490,4673154,2664
MGG_16546,MGG_16546T0,7747433,7747881,448
MGG_02391,MGG_02391T0,1667773,1669830,2057
MGG_17383,MGG_17383T0,1853920,1854256,336
MGG_05284,MGG_05284T0,5269255,5274462,5207
MGG_05062,MGG_05062T0,4463614,4465751,2137
MGG_17875,MGG_17875T0,442847,443748,901
MGG_17827,MGG_17827T0,3816626,3818512,1886
MGG_13404,MGG_13404T0,828183,830800,2617
MGG_00931,MGG_00931T0,1080203,1082416,2213
MGG_02027,MGG_02027T0,279458,282712,3254
MGG_02114,MGG_02114T0,593352,596194,2842
MGG_08496,MGG_08496T0,424016,425386,1370
MGG_05351,MGG_05351T0,4909664,4911031,1367
MGG_11650,MGG_11650T0,3857190,3857951,761
MGG_14266,MGG_14266T0,7627399,7629195,1796
MGG_04187,MGG_04187T0,1662419,1663981,1562
MGG_03583,MGG_03583T0,1386142,1388745,2603
MGG_15240,MGG_15240T0,1870544,1870948,404
MGG_11244,MGG_11244T0,2900586,2901801,1215
MGG_05994,MGG_05994T0,2218774,2223473,4699
MGG_16606,MGG_16606T0,377456,377926,470
MGG_17929,MGG_17929T0,1064050,1064424,374
MGG_16682,MGG_16682T0,1451912,1452374,462
MGG_00531,MGG_00531T0,2583474,2586440,2966
MGG_10036,MGG_10036T0,4855468,4857348,1880
MGG_17802,MGG_17802T0,3605458,3607230,1772
MGG_16454,MGG_16454T1,6284384,6284809,425
MGG_16454,MGG_16454T0,6284346,6284903,557
MGG_00439,MGG_00439T0,2891118,2892874,1756
MGG_01139,MGG_01139T0,361349,363521,2172
MGG_15299,MGG_15299T0,7299496,7301859,2363
MGG_13269,MGG_13269T0,1936890,1938876,1986
MGG_15756,MGG_15756T0,4499538,4499873,335
MGG_01861,MGG_01861T0,5138019,5139401,1382
MGG_05854,MGG_05854T0,1723626,1725701,2075
MGG_01626,MGG_01626T0,4262029,4263580,1551
MGG_09283,MGG_09283T0,4095147,4098494,3347
MGG_16583,MGG_16583T0,15558,15816,258
MGG_04471,MGG_04471T0,7388881,7390524,1643
MGG_03390,MGG_03390T0,2051611,2053793,2182
MGG_17968,MGG_17968T0,1560651,1561206,555
MGG_09530,MGG_09530T0,3360326,3362266,1940
MGG_17979,MGG_17979T0,1704980,1706360,1380
MGG_07877,MGG_07877T0,6125204,6127931,2727
MGG_07280,MGG_07280T0,7083656,7086316,2660
MGG_04995,MGG_04995T0,4212224,4218117,5893
MGG_06355,MGG_06355T0,4048235,4052937,4702
MGG_00837,MGG_00837T0,1448053,1451363,3310
MGG_00141,MGG_00141T0,3976052,3981158,5106
MGG_02416,MGG_02416T0,1766902,1769928,3026
MGG_16773,MGG_16773T0,2933047,2933531,484
MGG_07440,MGG_07440T0,649198,651899,2701
MGG_06472,MGG_06472T0,3615959,3617387,1428
MGG_09363,MGG_09363T0,3548830,3551852,3022
MGG_02454,MGG_02454T0,1926772,1928682,1910
MGG_01279,MGG_01279T0,2949420,2954386,4966
MGG_06722,MGG_06722T0,2511138,2513552,2414
MGG_01342,MGG_01342T0,3179210,3183782,4572
MGG_10124,MGG_10124T0,1557505,1559305,1800
MGG_09931,MGG_09931T0,4382204,4387947,5743
MGG_06893,MGG_06893T0,3144542,3147508,2966
MGG_12967,MGG_12967T0,3919930,3922115,2185
MGG_08100,MGG_08100T0,5698147,5699691,1544
MGG_04494,MGG_04494T0,7308461,7311915,3454
MGG_01026,MGG_01026T0,762269,765141,2872
MGG_17678,MGG_17678T0,1778887,1782769,3882
MGG_05041,MGG_05041T0,4388338,4390971,2633
MGG_13697,MGG_13697T0,419224,420823,1599
MGG_12765,MGG_12765T0,2862436,2863855,1419
MGG_10402,MGG_10402T0,951306,953264,1958
MGG_07548,MGG_07548T0,984000,985366,1366
MGG_06146,MGG_06146T0,2732302,2734805,2503
MGG_04756,MGG_04756T0,6760961,6762964,2003
MGG_12369,MGG_12369T0,6671044,6674584,3540
MGG_03022,MGG_03022T0,625509,627061,1552
MGG_00253,MGG_00253T0,3516340,3518506,2166
MGG_08259,MGG_08259T0,8081816,8085404,3588
MGG_05769,MGG_05769T0,6454122,6456251,2129
MGG_12108,MGG_12108T0,2473324,2476102,2778
MGG_05889,MGG_05889T0,1840654,1843541,2887
MGG_05747,MGG_05747T0,6375021,6376053,1032
MGG_09397,MGG_09397T0,3417043,3418216,1173
MGG_08758,MGG_08758T0,229936,232443,2507
MGG_03319,MGG_03319T0,2279970,2286302,6332
MGG_02771,MGG_02771T0,1578789,1581639,2850
MGG_09355,MGG_09355T0,3571309,3578042,6733
MGG_16673,MGG_16673T0,1330613,1331075,462
MGG_05592,MGG_05592T0,5761734,5763376,1642
MGG_17197,MGG_17197T0,4287265,4288233,968
MGG_16387,MGG_16387T0,5494143,5494544,401
MGG_05993,MGG_05993T0,2216201,2219188,2987
MGG_01683,MGG_01683T0,4451106,4452675,1569
MGG_10293,MGG_10293T0,218865,220964,2099
MGG_10277,MGG_10277T0,203659,208811,5152
MGG_06826,MGG_06826T0,2905247,2906145,898
MGG_16277,MGG_16277T0,4132599,4136282,3683
MGG_15568,MGG_15568T0,1337842,1338368,526
MGG_01057,MGG_01057T0,653577,654885,1308
MGG_07632,MGG_07632T0,1273531,1274796,1265
MGG_02990,MGG_02990T0,729978,730617,639
MGG_00401,MGG_00401T0,3001128,3002159,1031
MGG_16555,MGG_16555T0,7822080,7823207,1127
MGG_16643,MGG_16643T0,718658,718956,298
MGG_04105,MGG_04105T0,1944551,1945549,998
MGG_18098,MGG_18098T0,3406888,3411956,5068
MGG_16896,MGG_16896T0,5130718,5131324,606
MGG_03138,MGG_03138T0,2931906,2936235,4329
MGG_05618,MGG_05618T0,5867418,5871062,3644
MGG_05437,MGG_05437T0,5215382,5216199,817
MGG_07156,MGG_07156T0,6577008,6580213,3205
MGG_18114,MGG_18114T0,143760,144311,551
MGG_00934,MGG_00934T0,1070339,1074509,4170
MGG_17226,MGG_17226T0,4652518,4653387,869
MGG_09049,MGG_09049T0,2562692,2563377,685
MGG_04662,MGG_04662T0,1190985,1192594,1609
MGG_11728,MGG_11728T0,4176581,4177726,1145
MGG_11533,MGG_11533T0,2193687,2195407,1720
MGG_08812,MGG_08812T0,48708,49427,719
MGG_12268,MGG_12268T0,5577379,5580628,3249
MGG_17829,MGG_17829T0,3831900,3833483,1583
MGG_00033,MGG_00033T0,4357078,4359019,1941
MGG_07520,MGG_07520T0,906558,907637,1079
MGG_00532,MGG_00532T0,2580733,2583452,2719
MGG_11231,MGG_11231T0,3124899,3128709,3810
MGG_13349,MGG_13349T0,245969,247908,1939
MGG_09099,MGG_09099T0,161293,163183,1890
MGG_01708,MGG_01708T0,4534535,4536466,1931
MGG_07557,MGG_07557T0,1014957,1015893,936
MGG_00805,MGG_00805T0,1554292,1558907,4615
MGG_16949,MGG_16949T0,6062762,6063081,319
MGG_06195,MGG_06195T0,2893017,2895728,2711
MGG_05387,MGG_05387T0,5054263,5054993,730
MGG_05387,MGG_05387T1,5054481,5055478,997
MGG_16969,MGG_16969T0,6294248,6295854,1606
MGG_03988,MGG_03988T0,2319737,2321794,2057
MGG_10306,MGG_10306T0,177511,179188,1677
MGG_14756,MGG_14756T0,1901997,1903522,1525
MGG_15112,MGG_15112T0,3573633,3574376,743
MGG_03415,MGG_03415T0,1943706,1947005,3299
MGG_10957,MGG_10957T0,567605,569744,2139
MGG_06728,MGG_06728T0,2524667,2527755,3088
MGG_08349,MGG_08349T0,7746842,7748098,1256
MGG_15766,MGG_15766T0,4837478,4838208,730
MGG_07369,MGG_07369T0,7409334,7411446,2112
MGG_17412,MGG_17412T0,2298313,2299578,1265
MGG_16785,MGG_16785T0,3159481,3159943,462
MGG_03233,MGG_03233T0,2605913,2608242,2329
MGG_16465,MGG_16465T0,6404563,6407109,2546
MGG_01795,MGG_01795T0,4862150,4866353,4203
MGG_02063,MGG_02063T0,444783,445572,789
MGG_12506,MGG_12506T0,102981,104657,1676
MGG_03090,MGG_03090T0,336900,339479,2579
MGG_01060,MGG_01060T0,646613,647952,1339
MGG_15906,MGG_15906T0,7284402,7286797,2395
MGG_11257,MGG_11257T0,2813669,2815440,1771
MGG_10854,MGG_10854T0,6511787,6513674,1887
MGG_06755,MGG_06755T0,2609573,2613374,3801
MGG_01235,MGG_01235T0,2786613,2789500,2887
MGG_15338,MGG_15338T0,5395334,5395967,633
MGG_10896,MGG_10896T0,7945179,7947309,2130
MGG_06569,MGG_06569T0,3239537,3243755,4218
MGG_06747,MGG_06747T0,2588604,2590366,1762
MGG_05522,MGG_05522T0,5501255,5502691,1436
MGG_14882,MGG_14882T0,2060551,2061939,1388
MGG_08843,MGG_08843T0,1833627,1837002,3375
MGG_05111,MGG_05111T0,4635911,4638816,2905
MGG_14717,MGG_14717T0,3954410,3955707,1297
MGG_03623,MGG_03623T0,1219441,1220665,1224
MGG_06731,MGG_06731T0,2540438,2541733,1295
MGG_12466,MGG_12466T0,7799588,7800378,790
MGG_09183,MGG_09183T0,3648373,3648810,437
MGG_06777,MGG_06777T0,2711364,2713580,2216
MGG_15878,MGG_15878T0,6752701,6753836,1135
MGG_11400,MGG_11400T0,675093,677414,2321
MGG_06868,MGG_06868T0,3036290,3039361,3071
MGG_02241,MGG_02241T0,1111011,1111959,948
MGG_10529,MGG_10529T0,4749932,4753165,3233
MGG_13904,MGG_13904T0,6207685,6207996,311
MGG_08145,MGG_08145T0,5845395,5847005,1610
MGG_04643,MGG_04643T0,1117572,1119752,2180
MGG_00054,MGG_00054T0,4279675,4281735,2060
MGG_15216,MGG_15216T0,1392864,1395037,2173
MGG_00947,MGG_00947T0,1033477,1035084,1607
MGG_02103,MGG_02103T0,573317,574409,1092
MGG_02516,MGG_02516T0,2172400,2174692,2292
MGG_09463,MGG_09463T0,3593422,3595666,2244
MGG_07286,MGG_07286T0,7102223,7105705,3482
MGG_02000,MGG_02000T0,188889,190885,1996
MGG_08657,MGG_08657T0,7702339,7703053,714
MGG_14589,MGG_14589T0,1473954,1474811,857
MGG_06542,MGG_06542T0,3341712,3343799,2087
MGG_06479,MGG_06479T0,3592126,3592799,673
MGG_10968,MGG_10968T0,146605,148112,1507
MGG_10126,MGG_10126T0,1580307,1583134,2827
MGG_00292,MGG_00292T0,3386709,3387958,1249
MGG_15992,MGG_15992T0,201953,202678,725
MGG_10481,MGG_10481T0,379925,385551,5626
MGG_10481,MGG_10481T1,379462,385358,5896
MGG_08823,MGG_08823T0,1768332,1770705,2373
MGG_00800,MGG_00800T0,1577815,1581814,3999
MGG_12876,MGG_12876T0,4416177,4418329,2152
MGG_08211,MGG_08211T0,6089472,6092670,3198
MGG_14917,MGG_14917T0,2014351,2015382,1031
MGG_14819,MGG_14819T0,5515566,5516532,966
MGG_07884,MGG_07884T0,6148907,6150000,1093
MGG_06807,MGG_06807T0,2821391,2822818,1427
MGG_16247,MGG_16247T0,3812974,3817812,4838
MGG_07593,MGG_07593T0,1138927,1140891,1964
MGG_11610,MGG_11610T0,3417747,3418459,712
MGG_08041,MGG_08041T0,5510090,5511002,912
MGG_06397,MGG_06397T0,3877256,3882557,5301
MGG_10308,MGG_10308T0,171566,173580,2014
MGG_05318,MGG_05318T0,5388833,5391584,2751
MGG_13996,MGG_13996T0,634885,635131,246
MGG_00539,MGG_00539T0,2532588,2533679,1091
MGG_18059,MGG_18059T0,2897685,2898147,462
MGG_17046,MGG_17046T0,785369,786256,887
MGG_17026,MGG_17026T0,382501,384213,1712
MGG_12481,MGG_12481T0,8024648,8025249,601
MGG_03661,MGG_03661T0,1102411,1104541,2130
MGG_00904,MGG_00904T0,1185128,1186975,1847
MGG_06381,MGG_06381T0,3941231,3943072,1841
MGG_02950,MGG_02950T0,882419,883421,1002
MGG_07424,MGG_07424T0,581758,583097,1339
MGG_01468,MGG_01468T0,3650895,3660298,9403
MGG_17821,MGG_17821T0,3728561,3733407,4846
MGG_07861,MGG_07861T0,6069082,6071001,1919
MGG_07591,MGG_07591T0,1131741,1132226,485
MGG_09998,MGG_09998T0,5006414,5006782,368
MGG_07210,MGG_07210T0,6780832,6782921,2089
MGG_16315,MGG_16315T0,4687780,4690313,2533
MGG_04317,MGG_04317T0,1202056,1204334,2278
MGG_15697,MGG_15697T0,3528685,3528979,294
MGG_10720,MGG_10720T0,3724747,3725981,1234
MGG_07561,MGG_07561T0,1025584,1029673,4089
MGG_01327,MGG_01327T0,3110240,3113168,2928
MGG_09320,MGG_09320T0,3684861,3689248,4387
MGG_00989,MGG_00989T0,909729,910323,594
MGG_00882,MGG_00882T0,1276457,1279406,2949
MGG_17595,MGG_17595T0,673175,675032,1857
MGG_16085,MGG_16085T0,1254528,1255104,576
MGG_09985,MGG_09985T0,5064685,5066206,1521
MGG_10245,MGG_10245T0,333144,334440,1296
MGG_07229,MGG_07229T0,6878692,6881296,2604
MGG_15809,MGG_15809T0,5511059,5512184,1125
MGG_11474,MGG_11474T0,1259108,1261751,2643
MGG_15791,MGG_15791T0,5271145,5272524,1379
MGG_15249,MGG_15249T0,5719781,5721106,1325
MGG_10049,MGG_10049T0,4801116,4802502,1386
MGG_10609,MGG_10609T0,6507408,6509111,1703
MGG_17689,MGG_17689T0,1969856,1972023,2167
MGG_00836,MGG_00836T0,1451289,1452055,766
MGG_02758,MGG_02758T0,1630295,1631471,1176
MGG_16006,MGG_16006T0,306371,307859,1488
MGG_11596,MGG_11596T0,3223528,3225236,1708
MGG_11286,MGG_11286T0,2337615,2338989,1374
MGG_05335,MGG_05335T0,4855986,4856949,963
MGG_17645,MGG_17645T0,1286742,1287722,980
MGG_06709,MGG_06709T0,2475697,2479215,3518
MGG_08798,MGG_08798T0,81714,82379,665
MGG_15986,MGG_15986T0,73369,74528,1159
MGG_15986,MGG_15986T1,73461,74528,1067
MGG_04694,MGG_04694T0,6928180,6929370,1190
MGG_04090,MGG_04090T0,2005197,2008454,3257
MGG_02619,MGG_02619T0,2175963,2179859,3896
MGG_03980,MGG_03980T0,2339399,2340672,1273
MGG_06910,MGG_06910T0,3220833,3224039,3206
MGG_09298,MGG_09298T0,4138394,4139448,1054
MGG_12366,MGG_12366T0,6632898,6633649,751
MGG_03267,MGG_03267T0,2463520,2465459,1939
MGG_11741,MGG_11741T0,4045361,4048564,3203
MGG_18136,MGG_18136T0,502890,504224,1334
MGG_03495,MGG_03495T0,1687755,1688810,1055
MGG_03311,MGG_03311T0,2309446,2311593,2147
MGG_10367,MGG_10367T0,874888,875685,797
MGG_06263,MGG_06263T0,4358020,4360124,2104
MGG_01825,MGG_01825T0,4987714,4990238,2524
MGG_03057,MGG_03057T0,468661,470192,1531
MGG_09456,MGG_09456T0,3216924,3218429,1505
MGG_03967,MGG_03967T0,2399606,2401126,1520
MGG_03604,MGG_03604T0,1299618,1300688,1070
MGG_03503,MGG_03503T0,1667203,1668358,1155
MGG_14858,MGG_14858T0,3388862,3390060,1198
MGG_13439,MGG_13439T0,1257949,1258933,984
MGG_06652,MGG_06652T0,2291004,2294040,3036
MGG_15297,MGG_15297T0,7325666,7327800,2134
MGG_06490,MGG_06490T0,3556197,3556916,719
MGG_17682,MGG_17682T0,1850446,1851502,1056
MGG_00080,MGG_00080T0,4191916,4192665,749
MGG_13493,MGG_13493T0,1179894,1181943,2049
MGG_16666,MGG_16666T0,1205881,1206587,706
MGG_16180,MGG_16180T0,2885982,2888746,2764
MGG_08314,MGG_08314T0,7901049,7905075,4026
MGG_01727,MGG_01727T0,4591237,4595999,4762
MGG_02308,MGG_02308T0,1322719,1324224,1505
MGG_05587,MGG_05587T0,5726863,5729704,2841
MGG_06994,MGG_06994T0,3512075,3513783,1708
MGG_14369,MGG_14369T0,3203370,3203724,354
MGG_12397,MGG_12397T0,7163748,7166355,2607
MGG_07463,MGG_07463T0,730584,732682,2098
MGG_04964,MGG_04964T0,4085325,4087287,1962
MGG_07134,MGG_07134T1,6494477,6496908,2431
MGG_07134,MGG_07134T0,6494477,6496908,2431
MGG_13435,MGG_13435T0,1222328,1225337,3009
MGG_10820,MGG_10820T0,554069,557627,3558
MGG_10563,MGG_10563T0,2868944,2872465,3521
MGG_10563,MGG_10563T1,2869104,2872465,3361
MGG_13220,MGG_13220T0,2483958,2487154,3196
MGG_13220,MGG_13220T1,2485041,2487154,2113
MGG_03824,MGG_03824T0,2917891,2919932,2041
MGG_00943,MGG_00943T0,1041933,1044358,2425
MGG_01088,MGG_01088T0,553367,555667,2300
MGG_05888,MGG_05888T0,1837862,1840022,2160
MGG_16483,MGG_16483T0,6640940,6641599,659
MGG_03512,MGG_03512T0,1638583,1640246,1663
MGG_08810,MGG_08810T0,49744,53176,3432
MGG_05270,MGG_05270T0,5228943,5230754,1811
MGG_03868,MGG_03868T0,2780051,2781228,1177
MGG_17680,MGG_17680T0,1790556,1791407,851
MGG_16488,MGG_16488T0,6678825,6679376,551
MGG_01845,MGG_01845T0,5075843,5076666,823
MGG_17624,MGG_17624T0,1015551,1017438,1887
MGG_03460,MGG_03460T0,1787994,1789155,1161
MGG_11908,MGG_11908T0,1854417,1856106,1689
MGG_02892,MGG_02892T0,1122304,1126117,3813
MGG_01380,MGG_01380T0,3324340,3326017,1677
MGG_01452,MGG_01452T0,3578467,3582284,3817
MGG_12551,MGG_12551T0,845985,847103,1118
MGG_09784,MGG_09784T0,5184554,5191132,6578
MGG_05231,MGG_05231T0,5077832,5078969,1137
MGG_02757,MGG_02757T0,1632228,1636081,3853
MGG_01900,MGG_01900T0,5270292,5270951,659
MGG_08462,MGG_08462T0,295747,297681,1934
MGG_03966,MGG_03966T0,2402619,2406823,4204
MGG_17486,MGG_17486T0,3481455,3486511,5056
MGG_15927,MGG_15927T0,7615104,7616858,1754
MGG_13868,MGG_13868T0,5930689,5931255,566
MGG_10231,MGG_10231T0,374839,375299,460
MGG_16382,MGG_16382T0,5463136,5464187,1051
MGG_17354,MGG_17354T0,1304688,1305093,405
MGG_07662,MGG_07662T0,1424317,1426329,2012
MGG_05899,MGG_05899T0,1872382,1876304,3922
MGG_09073,MGG_09073T0,51958,55130,3172
MGG_17739,MGG_17739T0,2768367,2768666,299
MGG_03541,MGG_03541T0,1536821,1537192,371
MGG_16529,MGG_16529T0,7454038,7454413,375
MGG_07146,MGG_07146T0,6540649,6543860,3211
MGG_12291,MGG_12291T0,5802402,5805077,2675
MGG_08353,MGG_08353T0,7734323,7734908,585
MGG_10583,MGG_10583T0,2816962,2819338,2376
MGG_17647,MGG_17647T0,1302643,1302960,317
MGG_08576,MGG_08576T0,732041,732367,326
MGG_08981,MGG_08981T0,2360803,2362335,1532
MGG_10506,MGG_10506T0,4638956,4640978,2022
MGG_15941,MGG_15941T0,7834237,7834699,462
MGG_06413,MGG_06413T0,3829131,3831010,1879
MGG_02728,MGG_02728T0,1727532,1729619,2087
MGG_17508,MGG_17508T0,3760390,3762184,1794
MGG_08037,MGG_08037T0,5498922,5500742,1820
MGG_18093,MGG_18093T0,3330615,3331694,1079
MGG_00356,MGG_00356T0,3138024,3142154,4130
MGG_11502,MGG_11502T0,1831590,1833768,2178
MGG_16681,MGG_16681T0,1430664,1432344,1680
MGG_06260,MGG_06260T0,4366097,4369274,3177
MGG_15920,MGG_15920T0,7487889,7488974,1085
MGG_06857,MGG_06857T0,3002647,3005031,2384
MGG_04318,MGG_04318T0,1199907,1200883,976
MGG_15918,MGG_15918T0,7464403,7464705,302
MGG_15353,MGG_15353T0,438571,440964,2393
MGG_17895,MGG_17895T0,719272,721143,1871
MGG_17100,MGG_17100T0,2044690,2045369,679
MGG_16962,MGG_16962T0,6245312,6245814,502
MGG_04358,MGG_04358T0,611161,612713,1552
MGG_00184,MGG_00184T0,3814933,3818683,3750
MGG_07954,MGG_07954T0,6370844,6371860,1016
MGG_09527,MGG_09527T0,3365568,3367890,2322
MGG_15509,MGG_15509T0,211831,213802,1971
MGG_02980,MGG_02980T0,772852,776683,3831
MGG_04992,MGG_04992T0,4196094,4200105,4011
MGG_02507,MGG_02507T0,2149938,2152747,2809
MGG_08339,MGG_08339T0,7776963,7780014,3051
MGG_17774,MGG_17774T0,3244332,3244756,424
MGG_16813,MGG_16813T0,3644177,3645790,1613
MGG_04433,MGG_04433T0,791774,797000,5226
MGG_16211,MGG_16211T0,3258169,3259991,1822
MGG_00926,MGG_00926T0,1102256,1106209,3953
MGG_01331,MGG_01331T0,3129599,3132711,3112
MGG_09529,MGG_09529T0,3362073,3362898,825
MGG_16556,MGG_16556T0,7826644,7827429,785
MGG_13993,MGG_13993T0,613133,614583,1450
MGG_07498,MGG_07498T0,839017,840519,1502
MGG_06738,MGG_06738T0,2561414,2563217,1803
MGG_15396,MGG_15396T0,3375234,3376488,1254
MGG_04142,MGG_04142T0,1819625,1821359,1734
MGG_10327,MGG_10327T0,92646,95417,2771
MGG_04110,MGG_04110T0,1928879,1930200,1321
MGG_07868,MGG_07868T0,6105162,6107027,1865
MGG_04146,MGG_04146T0,1803082,1805591,2509
MGG_03872,MGG_03872T0,2754935,2757648,2713
MGG_08834,MGG_08834T0,1810847,1812199,1352
MGG_16653,MGG_16653T0,1002210,1003197,987
MGG_03436,MGG_03436T0,1872045,1873000,955
MGG_17941,MGG_17941T0,1152982,1153820,838
MGG_14938,MGG_14938T0,2743624,2744025,401
MGG_00824,MGG_00824T0,1490024,1492200,2176
MGG_07216,MGG_07216T0,6818619,6819756,1137
MGG_17312,MGG_17312T0,368930,369884,954
MGG_02798,MGG_02798T0,1467314,1468144,830
MGG_00149,MGG_00149T0,3946263,3949596,3333
MGG_00738,MGG_00738T0,1810327,1811775,1448
MGG_02885,MGG_02885T0,1145693,1146842,1149
MGG_08917,MGG_08917T0,2106118,2109095,2977
MGG_14699,MGG_14699T0,3216897,3220357,3460
MGG_11256,MGG_11256T0,2815133,2817406,2273
MGG_08190,MGG_08190T0,6008602,6010697,2095
MGG_07886,MGG_07886T0,6152602,6153106,504
MGG_10833,MGG_10833T0,519460,524204,4744
MGG_08609,MGG_08609T0,7566379,7566945,566
MGG_10368,MGG_10368T0,876524,877511,987
MGG_17445,MGG_17445T0,2676016,2676408,392
MGG_16730,MGG_16730T0,2170998,2171513,515
MGG_01841,MGG_01841T0,5061865,5063597,1732
MGG_08049,MGG_08049T0,5528805,5531365,2560
MGG_01205,MGG_01205T0,2647717,2650590,2873
MGG_16286,MGG_16286T0,4216525,4219552,3027
MGG_13834,MGG_13834T0,5635229,5636996,1767
MGG_15595,MGG_15595T0,1858653,1859258,605
MGG_11389,MGG_11389T0,877348,879407,2059
MGG_04180,MGG_04180T0,1688702,1690984,2282
MGG_17075,MGG_17075T0,1505923,1507365,1442
MGG_16801,MGG_16801T0,3533259,3535406,2147
MGG_14728,MGG_14728T0,466994,469720,2726
MGG_06277,MGG_06277T0,4318996,4322513,3517
MGG_02893,MGG_02893T0,1117669,1118133,464
MGG_16369,MGG_16369T0,5297490,5297952,462
MGG_09063,MGG_09063T0,2520583,2523687,3104
MGG_14684,MGG_14684T0,2915574,2915843,269
MGG_06891,MGG_06891T0,3136943,3138927,1984
MGG_03606,MGG_03606T0,1282575,1284852,2277
MGG_15674,MGG_15674T0,3192862,3193101,239
MGG_05831,MGG_05831T0,1636667,1637242,575
MGG_05198,MGG_05198T0,4925336,4928445,3109
MGG_07148,MGG_07148T0,6547190,6550210,3020
MGG_04012,MGG_04012T0,2235532,2237556,2024
MGG_08380,MGG_08380T0,7629292,7630440,1148
MGG_04779,MGG_04779T0,6727111,6728036,925
MGG_05949,MGG_05949T0,2082559,2084341,1782
MGG_07367,MGG_07367T0,7404322,7405682,1360
MGG_01620,MGG_01620T0,4221623,4224871,3248
MGG_01029,MGG_01029T0,744737,747427,2690
MGG_15779,MGG_15779T0,4973738,4975270,1532
MGG_08105,MGG_08105T0,5708422,5711862,3440
MGG_03638,MGG_03638T0,1169118,1171192,2074
MGG_16821,MGG_16821T0,3868305,3868933,628
MGG_02622,MGG_02622T0,2169378,2171550,2172
MGG_00865,MGG_00865T0,1331031,1338597,7566
MGG_06745,MGG_06745T0,2584734,2586306,1572
MGG_04455,MGG_04455T0,847482,849080,1598
MGG_13582,MGG_13582T0,4642041,4643659,1618
MGG_06465,MGG_06465T0,3632588,3637983,5395
MGG_17158,MGG_17158T0,3175267,3175719,452
MGG_07191,MGG_07191T0,6700516,6702213,1697
MGG_05792,MGG_05792T0,3103788,3104264,476
MGG_17610,MGG_17610T0,872948,873762,814
MGG_04708,MGG_04708T1,6921715,6926122,4407
MGG_04708,MGG_04708T0,6921715,6926122,4407
MGG_10130,MGG_10130T0,805419,805886,467
MGG_00271,MGG_00271T0,3458917,3460387,1470
MGG_00271,MGG_00271T1,3458917,3460387,1470
MGG_00267,MGG_00267T0,3467694,3468293,599
MGG_02418,MGG_02418T0,1772904,1776198,3294
MGG_15204,MGG_15204T0,690421,691443,1022
MGG_11185,MGG_11185T0,4030710,4033673,2963
MGG_10938,MGG_10938T0,6591432,6593368,1936
MGG_10062,MGG_10062T0,4765825,4767078,1253
MGG_00656,MGG_00656T0,2117321,2119870,2549
MGG_01405,MGG_01405T0,3415549,3418418,2869
MGG_10271,MGG_10271T0,224423,228487,4064
MGG_00908,MGG_00908T0,1174329,1176517,2188
MGG_03696,MGG_03696T0,993101,995803,2702
MGG_15533,MGG_15533T0,668478,668765,287
MGG_10073,MGG_10073T0,4726384,4726701,317
MGG_10912,MGG_10912T0,3658568,3666741,8173
MGG_01480,MGG_01480T0,3721809,3723095,1286
MGG_01211,MGG_01211T0,2678004,2679659,1655
MGG_02827,MGG_02827T0,1376309,1378091,1782
MGG_08307,MGG_08307T0,7925157,7927516,2359
MGG_07288,MGG_07288T0,7111685,7115484,3799
MGG_09253,MGG_09253T0,3934563,3935592,1029
MGG_05958,MGG_05958T0,2112910,2114398,1488
MGG_15966,MGG_15966T0,8151358,8151859,501
MGG_11047,MGG_11047T0,214955,219310,4355
MGG_04598,MGG_04598T0,7118020,7118403,383
MGG_01378,MGG_01378T0,3315057,3321487,6430
MGG_17450,MGG_17450T0,2812582,2815494,2912
MGG_04661,MGG_04661T0,1186709,1189359,2650
MGG_05247,MGG_05247T0,5141272,5146294,5022
MGG_02650,MGG_02650T0,2062044,2064302,2258
MGG_17957,MGG_17957T0,1435048,1435502,454
MGG_17743,MGG_17743T0,2873233,2874738,1505
MGG_17730,MGG_17730T0,2645617,2649876,4259
MGG_07116,MGG_07116T0,6408340,6417687,9347
MGG_17422,MGG_17422T0,2410907,2411279,372
MGG_15286,MGG_15286T0,1056730,1057610,880
MGG_06417,MGG_06417T0,3818123,3820193,2070
MGG_05367,MGG_05367T0,4970067,4972643,2576
MGG_04100,MGG_04100T0,1957547,1964440,6893
MGG_01123,MGG_01123T0,452800,456976,4176
MGG_15917,MGG_15917T0,7456427,7456886,459
MGG_10019,MGG_10019T0,4923264,4925350,2086
MGG_17918,MGG_17918T0,978341,978918,577
MGG_02060,MGG_02060T0,436989,438567,1578
MGG_08541,MGG_08541T0,577086,578950,1864
MGG_06976,MGG_06976T0,3441529,3442899,1370
MGG_03569,MGG_03569T0,1434138,1436816,2678
MGG_02256,MGG_02256T0,1165171,1166642,1471
MGG_14135,MGG_14135T0,178673,180166,1493
MGG_11730,MGG_11730T0,4173538,4174510,972
MGG_09305,MGG_09305T0,4161356,4163202,1846
MGG_16037,MGG_16037T0,670379,670855,476
MGG_08866,MGG_08866T0,1920784,1923496,2712
MGG_01983,MGG_01983T0,130448,132572,2124
MGG_07963,MGG_07963T0,6398692,6401563,2871
MGG_00580,MGG_00580T0,2426019,2427236,1217
MGG_07705,MGG_07705T0,5471840,5479965,8125
MGG_07470,MGG_07470T0,750725,753254,2529
MGG_07919,MGG_07919T0,6246557,6247374,817
MGG_17824,MGG_17824T0,3756683,3757878,1195
MGG_03932,MGG_03932T0,2524748,2526292,1544
MGG_07812,MGG_07812T0,5940455,5941611,1156
MGG_10361,MGG_10361T0,859161,859952,791
MGG_11098,MGG_11098T0,18986,20860,1874
MGG_04560,MGG_04560T0,7198048,7200528,2480
MGG_12523,MGG_12523T0,433613,437164,3551
MGG_08750,MGG_08750T0,262881,264267,1386
MGG_01350,MGG_01350T0,3209195,3212609,3414
MGG_09014,MGG_09014T0,2701918,2703706,1788
MGG_03698,MGG_03698T0,988083,990158,2075
MGG_16485,MGG_16485T0,6657310,6658129,819
MGG_06634,MGG_06634T0,3039901,3043157,3256
MGG_01588,MGG_01588T0,4105544,4107976,2432
MGG_03678,MGG_03678T0,1040736,1043590,2854
MGG_05972,MGG_05972T0,2157373,2158053,680
MGG_12158,MGG_12158T0,1835790,1840988,5198
MGG_09506,MGG_09506T0,3448275,3451473,3198
MGG_01485,MGG_01485T0,3743125,3747171,4046
MGG_11776,MGG_11776T0,3557611,3559351,1740
MGG_13994,MGG_13994T0,624925,628120,3195
MGG_02716,MGG_02716T0,1764163,1772858,8695
MGG_11907,MGG_11907T0,1857432,1860135,2703
MGG_04351,MGG_04351T0,597701,599271,1570
MGG_05314,MGG_05314T0,5371451,5373552,2101
MGG_10604,MGG_10604T0,6489366,6490142,776
MGG_05756,MGG_05756T0,6415361,6417995,2634
MGG_06154,MGG_06154T0,2757587,2759687,2100
MGG_08830,MGG_08830T0,1800090,1801598,1508
MGG_03636,MGG_03636T0,1177229,1178643,1414
MGG_04026,MGG_04026T0,2188728,2190102,1374
MGG_04837,MGG_04837T0,1535465,1537933,2468
MGG_17035,MGG_17035T3,588558,593523,4965
MGG_17035,MGG_17035T0,589241,593146,3905
MGG_17035,MGG_17035T2,589241,593146,3905
MGG_17035,MGG_17035T1,588558,593146,4588
MGG_06007,MGG_06007T0,2262057,2263952,1895
MGG_15146,MGG_15146T0,4733025,4734824,1799
MGG_06459,MGG_06459T0,3661437,3664995,3558
MGG_01364,MGG_01364T0,3263355,3266390,3035
MGG_04531,MGG_04531T0,938153,940434,2281
MGG_15235,MGG_15235T0,2033518,2034296,778
MGG_00139,MGG_00139T0,3984385,3987702,3317
MGG_16487,MGG_16487T0,6670816,6671359,543
MGG_10898,MGG_10898T0,7952975,7954291,1316
MGG_04928,MGG_04928T0,3981621,3982580,959
MGG_01428,MGG_01428T0,3494150,3496152,2002
MGG_15344,MGG_15344T0,95758,101034,5276
MGG_09373,MGG_09373T0,3502620,3505671,3051
MGG_09773,MGG_09773T0,5222178,5223742,1564
MGG_07924,MGG_07924T0,6263417,6265117,1700
MGG_17859,MGG_17859T0,192617,192943,326
MGG_00423,MGG_00423T0,2939720,2940826,1106
MGG_06716,MGG_06716T0,2496995,2497836,841
MGG_02689,MGG_02689T0,1892749,1895448,2699
MGG_09951,MGG_09951T0,4474515,4476197,1682
MGG_06588,MGG_06588T0,3183160,3185686,2526
MGG_17282,MGG_17282T0,5448276,5449784,1508
MGG_08450,MGG_08450T0,250491,253476,2985
MGG_01047,MGG_01047T0,685784,688001,2217
MGG_03170,MGG_03170T0,2815248,2818118,2870
MGG_04937,MGG_04937T0,4011782,4012288,506
MGG_15868,MGG_15868T0,6615699,6617917,2218
MGG_06878,MGG_06878T0,3093534,3096767,3233
MGG_05354,MGG_05354T0,4921568,4923142,1574
MGG_02803,MGG_02803T0,1457240,1457923,683
MGG_01243,MGG_01243T0,2819760,2821645,1885
MGG_13277,MGG_13277T0,1907558,1908609,1051
MGG_09276,MGG_09276T0,4073045,4076042,2997
MGG_09474,MGG_09474T0,3556482,3556985,503
MGG_00170,MGG_00170T0,3875079,3876765,1686
MGG_05037,MGG_05037T0,4375772,4377067,1295
MGG_05175,MGG_05175T0,4845422,4847001,1579
MGG_03140,MGG_03140T0,2925005,2928991,3986
MGG_14760,MGG_14760T0,1987979,1988878,899
MGG_09555,MGG_09555T0,3288685,3291485,2800
MGG_06035,MGG_06035T0,2347758,2348740,982
MGG_17016,MGG_17016T0,237431,237902,471
MGG_16080,MGG_16080T0,1187216,1187754,538
MGG_17294,MGG_17294T0,61565,63207,1642
MGG_06254,MGG_06254T0,4391775,4395734,3959
MGG_17795,MGG_17795T0,3511417,3514067,2650
MGG_10113,MGG_10113T0,4602437,4603729,1292
MGG_06794,MGG_06794T0,2772169,2774220,2051
MGG_08936,MGG_08936T0,2180053,2184733,4680
MGG_16011,MGG_16011T0,354640,354964,324
MGG_07732,MGG_07732T0,5556058,5557782,1724
MGG_02958,MGG_02958T0,862403,866321,3918
MGG_08401,MGG_08401T0,7560856,7561624,768
MGG_03172,MGG_03172T0,2808920,2811046,2126
MGG_13261,MGG_13261T0,1973520,1975571,2051
MGG_06930,MGG_06930T0,3289438,3291855,2417
MGG_17931,MGG_17931T0,1066694,1067061,367
MGG_09212,MGG_09212T0,3782985,3784978,1993
MGG_18138,MGG_18138T0,511401,511859,458
MGG_05468,MGG_05468T0,5321307,5323141,1834
MGG_04957,MGG_04957T0,4065469,4069808,4339
MGG_11925,MGG_11925T0,1656973,1661070,4097
MGG_08361,MGG_08361T0,7713676,7715262,1586
MGG_03094,MGG_03094T0,326722,328912,2190
MGG_03463,MGG_03463T0,1776900,1780667,3767
MGG_00578,MGG_00578T0,2429686,2431799,2113
MGG_02335,MGG_02335T0,1444576,1445577,1001
MGG_16588,MGG_16588T0,106092,107244,1152
MGG_10409,MGG_10409T0,974128,975480,1352
MGG_06659,MGG_06659T0,2308854,2310536,1682
MGG_03223,MGG_03223T0,2635384,2642758,7374
MGG_05699,MGG_05699T0,6160339,6164450,4111
MGG_16625,MGG_16625T0,567578,568071,493
MGG_17758,MGG_17758T0,3068821,3069418,597
MGG_11496,MGG_11496T0,1680996,1683085,2089
MGG_01178,MGG_01178T0,2526343,2529603,3260
MGG_05832,MGG_05832T0,1638117,1639352,1235
MGG_01258,MGG_01258T0,2875424,2878698,3274
MGG_02244,MGG_02244T1,1118643,1120218,1575
MGG_02244,MGG_02244T0,1117841,1120605,2764
MGG_05713,MGG_05713T0,6207935,6210154,2219
MGG_15712,MGG_15712T0,3782174,3782952,778
MGG_02866,MGG_02866T0,1231004,1235342,4338
MGG_01790,MGG_01790T0,4838490,4840569,2079
MGG_00874,MGG_00874T0,1300983,1301787,804
MGG_03947,MGG_03947T0,2476492,2479718,3226
MGG_04156,MGG_04156T0,1782772,1785123,2351
MGG_06648,MGG_06648T0,2276302,2279942,3640
MGG_16357,MGG_16357T0,5170451,5170793,342
MGG_04320,MGG_04320T0,1195215,1197587,2372
MGG_01063,MGG_01063T0,637085,641214,4129
MGG_06256,MGG_06256T0,4389076,4391690,2614
MGG_03691,MGG_03691T0,1009324,1010752,1428
MGG_16314,MGG_16314T0,4665880,4666342,462
MGG_10993,MGG_10993T0,63369,65706,2337
MGG_05577,MGG_05577T0,5700295,5702435,2140
MGG_09444,MGG_09444T0,3267671,3268990,1319
MGG_07165,MGG_07165T0,6603422,6604959,1537
MGG_11786,MGG_11786T0,3433256,3436070,2814
MGG_06800,MGG_06800T0,2791431,2792395,964
MGG_09531,MGG_09531T0,3355604,3359333,3729
MGG_07091,MGG_07091T0,6330570,6334638,4068
MGG_01609,MGG_01609T0,4178130,4179194,1064
MGG_02435,MGG_02435T0,1843520,1844778,1258
MGG_12603,MGG_12603T0,1725856,1727304,1448
MGG_06742,MGG_06742T0,2576969,2580818,3849
MGG_15154,MGG_15154T0,5716845,5717336,491
MGG_05968,MGG_05968T0,2147861,2149656,1795
MGG_01399,MGG_01399T0,3403414,3404445,1031
MGG_08232,MGG_08232T0,8190628,8191809,1181
MGG_17944,MGG_17944T0,1211030,1211886,856
MGG_04464,MGG_04464T0,7411409,7414787,3378
MGG_08230,MGG_08230T0,8195854,8196255,401
MGG_16171,MGG_16171T0,2812207,2812852,645
MGG_08890,MGG_08890T0,2010791,2013259,2468
MGG_01539,MGG_01539T0,3943772,3944072,300
MGG_09518,MGG_09518T0,3409619,3413233,3614
MGG_02920,MGG_02920T0,1026630,1028524,1894
MGG_11649,MGG_11649T0,3848976,3853189,4213
MGG_16377,MGG_16377T0,5385026,5387809,2783
MGG_16476,MGG_16476T0,6548451,6548966,515
MGG_18021,MGG_18021T0,2279583,2280858,1275
MGG_18021,MGG_18021T1,2279463,2280858,1395
MGG_14324,MGG_14324T0,8274972,8278098,3126
MGG_13043,MGG_13043T0,5079126,5079551,425
MGG_04996,MGG_04996T0,4218294,4221060,2766
MGG_05723,MGG_05723T0,6274063,6276829,2766
MGG_01703,MGG_01703T0,4523163,4526752,3589
MGG_09416,MGG_09416T0,3350707,3352233,1526
MGG_15655,MGG_15655T0,2850940,2851857,917
MGG_01113,MGG_01113T0,480600,481967,1367
MGG_05659,MGG_05659T0,6007093,6011936,4843
MGG_02481,MGG_02481T0,2023274,2027764,4490
MGG_10420,MGG_10420T0,1009124,1011738,2614
MGG_14764,MGG_14764T0,2072212,2082154,9942
MGG_04934,MGG_04934T0,4001551,4005195,3644
MGG_05105,MGG_05105T0,4615793,4617152,1359
MGG_17942,MGG_17942T0,1159159,1163374,4215
MGG_16299,MGG_16299T0,4404899,4410244,5345
MGG_00321,MGG_00321T0,3275173,3276454,1281
MGG_00924,MGG_00924T0,1124055,1128567,4512
MGG_02810,MGG_02810T0,1423491,1428243,4752
MGG_04739,MGG_04739T0,1345709,1349678,3969
MGG_18045,MGG_18045T0,2700402,2700929,527
MGG_00840,MGG_00840T0,1432269,1434660,2391
MGG_01888,MGG_01888T0,5225443,5227618,2175
MGG_00261,MGG_00261T0,3491249,3494583,3334
MGG_01382,MGG_01382T0,3334781,3336501,1720
MGG_02671,MGG_02671T0,1963038,1964697,1659
MGG_14727,MGG_14727T0,4486388,4487569,1181
MGG_13149,MGG_13149T0,6048456,6052413,3957
MGG_08379,MGG_08379T0,7632939,7634904,1965
MGG_05934,MGG_05934T0,2030481,2033443,2962
MGG_06446,MGG_06446T0,3709181,3711527,2346
MGG_03642,MGG_03642T0,1156435,1158127,1692
MGG_03998,MGG_03998T0,2282742,2284135,1393
MGG_06991,MGG_06991T0,3495866,3497987,2121
MGG_01705,MGG_01705T0,4529135,4531057,1922
MGG_08759,MGG_08759T0,228647,229957,1310
MGG_05698,MGG_05698T0,6158537,6160432,1895
MGG_01537,MGG_01537T0,3929451,3937105,7654
MGG_12231,MGG_12231T0,926934,928736,1802
MGG_06214,MGG_06214T0,2962964,2967147,4183
MGG_16106,MGG_16106T0,1566901,1567789,888
MGG_14948,MGG_14948T0,3353834,3354782,948
MGG_02313,MGG_02313T0,1342365,1352372,10007
MGG_05427,MGG_05427T0,5183734,5185451,1717
MGG_03896,MGG_03896T0,2669743,2671254,1511
MGG_16165,MGG_16165T0,2666296,2666590,294
MGG_16103,MGG_16103T0,1517915,1518511,596
MGG_14560,MGG_14560T0,3612606,3613769,1163
MGG_12676,MGG_12676T0,2553772,2555095,1323
MGG_07024,MGG_07024T0,6130811,6131545,734
MGG_17671,MGG_17671T0,1579893,1580949,1056
MGG_08177,MGG_08177T0,5955396,5957705,2309
MGG_09955,MGG_09955T0,4492308,4494101,1793
MGG_09846,MGG_09846T0,3918044,3921263,3219
MGG_09346,MGG_09346T0,3604240,3605212,972
MGG_14349,MGG_14349T0,268294,270046,1752
MGG_06657,MGG_06657T0,2306476,2307465,989
MGG_16200,MGG_16200T0,3096512,3097161,649
MGG_15569,MGG_15569T0,1374214,1374825,611
MGG_18043,MGG_18043T0,2555357,2556721,1364
MGG_07913,MGG_07913T0,6229698,6235559,5861
MGG_08428,MGG_08428T0,168442,168777,335
MGG_00298,MGG_00298T0,3365942,3367660,1718
MGG_04448,MGG_04448T0,834303,835625,1322
MGG_00013,MGG_00013T0,4444362,4445167,805
MGG_09240,MGG_09240T0,3886452,3889374,2922
MGG_08682,MGG_08682T0,7783841,7785531,1690
MGG_06439,MGG_06439T0,3731298,3735760,4462
MGG_06426,MGG_06426T0,3775771,3781792,6021
MGG_00318,MGG_00318T0,3289519,3292919,3400
MGG_12400,MGG_12400T0,7238714,7239960,1246
MGG_07112,MGG_07112T0,6395705,6398743,3038
MGG_16893,MGG_16893T0,5103934,5104737,803
MGG_00747,MGG_00747T0,1781982,1783668,1686
MGG_15896,MGG_15896T0,7105990,7106473,483
MGG_16150,MGG_16150T0,2305729,2306433,704
MGG_14575,MGG_14575T0,1553681,1557027,3346
MGG_15643,MGG_15643T0,2698273,2699441,1168
MGG_11285,MGG_11285T0,2353385,2354179,794
MGG_06917,MGG_06917T0,3241833,3245290,3457
MGG_15741,MGG_15741T0,4207802,4209254,1452
MGG_17741,MGG_17741T0,2869405,2869773,368
MGG_16014,MGG_16014T0,363621,364385,764
MGG_04439,MGG_04439T0,810652,811784,1132
MGG_10961,MGG_10961T0,3633847,3638407,4560
MGG_05276,MGG_05276T0,5244545,5246926,2381
MGG_00771,MGG_00771T0,1689053,1693961,4908
MGG_13736,MGG_13736T0,886608,887803,1195
MGG_00333,MGG_00333T0,3231899,3235071,3172
MGG_02405,MGG_02405T0,1734754,1738462,3708
MGG_06903,MGG_06903T0,3200147,3201705,1558
MGG_06017,MGG_06017T0,2289342,2290655,1313
MGG_07231,MGG_07231T0,6886546,6888132,1586
MGG_06618,MGG_06618T0,3077692,3080086,2394
MGG_14881,MGG_14881T0,2062240,2063486,1246
MGG_10333,MGG_10333T1,68935,70411,1476
MGG_10333,MGG_10333T0,69143,71320,2177
MGG_02099,MGG_02099T0,564156,567691,3535
MGG_17388,MGG_17388T0,1894566,1894874,308
MGG_09249,MGG_09249T0,3918266,3921070,2804
MGG_00613,MGG_00613T0,2285012,2286626,1614
MGG_02766,MGG_02766T1,1596194,1598598,2404
MGG_02766,MGG_02766T0,1596339,1598361,2022
MGG_03101,MGG_03101T0,309445,312252,2807
MGG_04388,MGG_04388T0,717183,720254,3071
MGG_04843,MGG_04843T0,3685172,3688831,3659
MGG_02760,MGG_02760T0,1621504,1622711,1207
MGG_12093,MGG_12093T0,2626182,2628463,2281
MGG_11468,MGG_11468T0,1116291,1117359,1068
MGG_15106,MGG_15106T0,8106792,8107241,449
MGG_06351,MGG_06351T0,4063486,4067378,3892
MGG_09314,MGG_09314T0,4191877,4193512,1635
MGG_17865,MGG_17865T0,235176,235517,341
MGG_01434,MGG_01434T0,3510329,3513125,2796
MGG_01993,MGG_01993T0,167122,167618,496
MGG_14052,MGG_14052T0,3231183,3231942,759
MGG_07833,MGG_07833T0,5975829,5978665,2836
MGG_00126,MGG_00126T0,4047005,4051199,4194
MGG_10585,MGG_10585T0,2806680,2807687,1007
MGG_01337,MGG_01337T0,3147538,3150048,2510
MGG_01704,MGG_01704T0,4527052,4529115,2063
MGG_08846,MGG_08846T0,1845029,1847405,2376
MGG_01152,MGG_01152T0,325126,326109,983
MGG_01865,MGG_01865T0,5147110,5149433,2323
MGG_00305,MGG_00305T0,3333499,3334283,784
MGG_02634,MGG_02634T0,2111161,2114633,3472
MGG_15596,MGG_15596T0,1864266,1865116,850
MGG_17069,MGG_17069T0,1333865,1336819,2954
MGG_00588,MGG_00588T0,2388699,2391130,2431
MGG_15649,MGG_15649T0,2763616,2764568,952
MGG_04644,MGG_04644T0,1120046,1122610,2564
MGG_15332,MGG_15332T0,5247606,5248127,521
MGG_06779,MGG_06779T0,2717479,2718709,1230
MGG_16187,MGG_16187T0,2949816,2950746,930
MGG_09737,MGG_09737T0,5347082,5348993,1911
MGG_04514,MGG_04514T0,873331,875545,2214
MGG_04824,MGG_04824T0,1498140,1499082,942
MGG_13012,MGG_13012T0,3218751,3220107,1356
MGG_13121,MGG_13121T0,5721496,5724233,2737
MGG_00523,MGG_00523T0,2604858,2607440,2582
MGG_04010,MGG_04010T0,2244065,2244583,518
MGG_17772,MGG_17772T0,3236186,3236964,778
MGG_01362,MGG_01362T0,3259009,3261435,2426
MGG_02398,MGG_02398T0,1703269,1707760,4491
MGG_17207,MGG_17207T0,4478381,4478668,287
MGG_10380,MGG_10380T0,475872,477740,1868
MGG_14098,MGG_14098T0,175356,178336,2980
MGG_17507,MGG_17507T0,3754016,3756818,2802
MGG_07006,MGG_07006T0,3560032,3561421,1389
MGG_17919,MGG_17919T0,979904,980685,781
MGG_09957,MGG_09957T0,4500926,4501496,570
MGG_08941,MGG_08941T0,2212241,2213156,915
MGG_00758,MGG_00758T0,1744136,1746463,2327
MGG_16176,MGG_16176T0,2850870,2851590,720
MGG_15027,MGG_15027T0,2086551,2088956,2405
MGG_08426,MGG_08426T0,159134,160696,1562
MGG_13001,MGG_13001T0,3375023,3376976,1953
MGG_05212,MGG_05212T0,4981289,4984720,3431
MGG_16296,MGG_16296T0,4372075,4372314,239
MGG_16262,MGG_16262T0,3969988,3970272,284
MGG_18024,MGG_18024T0,2313019,2313489,470
MGG_09464,MGG_09464T0,3585866,3587593,1727
MGG_17858,MGG_17858T0,191118,192565,1447
MGG_09268,MGG_09268T0,3996765,3998348,1583
MGG_03449,MGG_03449T0,1819026,1821443,2417
MGG_05025,MGG_05025T0,4341124,4343733,2609
MGG_16676,MGG_16676T0,1346805,1347267,462
MGG_12612,MGG_12612T0,1867899,1870200,2301
MGG_17012,MGG_17012T0,160875,164180,3305
MGG_14093,MGG_14093T0,205728,206302,574
MGG_15645,MGG_15645T2,2701789,2703662,1873
MGG_15645,MGG_15645T0,2701789,2703662,1873
MGG_15645,MGG_15645T1,2701789,2703662,1873
MGG_04077,MGG_04077T0,2036883,2039921,3038
MGG_17112,MGG_17112T0,2208508,2209195,687
MGG_11397,MGG_11397T0,698142,698885,743
MGG_15714,MGG_15714T0,3795948,3796410,462
MGG_16486,MGG_16486T0,6660377,6668526,8149
MGG_03214,MGG_03214T0,2665968,2667584,1616
MGG_15750,MGG_15750T0,4364946,4366653,1707
MGG_09162,MGG_09162T0,25171,27680,2509
MGG_16565,MGG_16565T0,7901436,7901905,469
MGG_00835,MGG_00835T0,1452585,1454324,1739
MGG_09404,MGG_09404T0,3386230,3388634,2404
MGG_17058,MGG_17058T0,1222984,1224877,1893
MGG_07187,MGG_07187T0,6680633,6689544,8911
MGG_04189,MGG_04189T0,1654075,1658450,4375
MGG_15591,MGG_15591T0,1751833,1752348,515
MGG_05419,MGG_05419T0,5152660,5156009,3349
MGG_05309,MGG_05309T0,5353982,5356881,2899
MGG_14230,MGG_14230T0,255757,257166,1409
MGG_07018,MGG_07018T0,3592479,3593420,941
MGG_03844,MGG_03844T0,2849528,2851551,2023
MGG_07716,MGG_07716T0,5510995,5513048,2053
MGG_05322,MGG_05322T0,5404827,5407338,2511
MGG_15376,MGG_15376T0,366275,366715,440
MGG_00402,MGG_00402T0,2999012,3000197,1185
MGG_00954,MGG_00954T0,1011522,1012022,500
MGG_03137,MGG_03137T0,2937263,2940092,2829
MGG_14548,MGG_14548T0,4430623,4432823,2200
MGG_13360,MGG_13360T0,363238,365840,2602
MGG_09282,MGG_09282T0,4091521,4094707,3186
MGG_09297,MGG_09297T0,4136463,4138246,1783
MGG_13872,MGG_13872T0,5946739,5947224,485
MGG_16984,MGG_16984T0,6542383,6543369,986
MGG_16843,MGG_16843T0,4347106,4347588,482
MGG_06496,MGG_06496T0,3521360,3526207,4847
MGG_17270,MGG_17270T0,5248398,5249367,969
MGG_14619,MGG_14619T0,144276,144978,702
MGG_08856,MGG_08856T0,1890176,1892681,2505
MGG_01678,MGG_01678T0,4439651,4440522,871
MGG_16078,MGG_16078T0,1177512,1178252,740
MGG_14929,MGG_14929T0,3722323,3723155,832
MGG_15562,MGG_15562T0,1286428,1287883,1455
MGG_15074,MGG_15074T0,6260644,6261630,986
MGG_11879,MGG_11879T0,2371451,2372967,1516
MGG_06880,MGG_06880T0,3102674,3104448,1774
MGG_02755,MGG_02755T0,1639004,1643820,4816
MGG_08642,MGG_08642T0,7646520,7649662,3142
MGG_14901,MGG_14901T0,1510013,1512450,2437
MGG_16882,MGG_16882T0,4928845,4929139,294
MGG_09888,MGG_09888T0,4235134,4236997,1863
MGG_11781,MGG_11781T0,3510213,3511891,1678
MGG_08973,MGG_08973T0,2335314,2337478,2164
MGG_08973,MGG_08973T1,2335314,2337478,2164
MGG_10531,MGG_10531T0,4757323,4757874,551
MGG_16604,MGG_16604T0,358336,358612,276
MGG_12868,MGG_12868T0,4334411,4336314,1903
MGG_02908,MGG_02908T0,1067714,1069819,2105
MGG_17138,MGG_17138T0,2906642,2907402,760
MGG_10346,MGG_10346T0,37679,38602,923
MGG_00409,MGG_00409T0,2979450,2980351,901
MGG_11312,MGG_11312T0,2157031,2158916,1885
MGG_16083,MGG_16083T0,1238666,1239594,928
MGG_14958,MGG_14958T0,1359083,1359490,407
MGG_07089,MGG_07089T0,6326196,6328677,2481
MGG_12652,MGG_12652T0,2232249,2235300,3051
MGG_09379,MGG_09379T0,3474812,3475255,443
MGG_06114,MGG_06114T0,2617571,2618462,891
MGG_04795,MGG_04795T0,6693500,6693847,347
MGG_00923,MGG_00923T0,1129028,1131346,2318
MGG_15323,MGG_15323T0,4745432,4749799,4367
MGG_18118,MGG_18118T0,155634,156395,761
MGG_06875,MGG_06875T0,3088055,3088984,929
MGG_12724,MGG_12724T0,2272972,2275496,2524
MGG_01912,MGG_01912T0,664321,667059,2738
MGG_14073,MGG_14073T0,369526,371634,2108
MGG_00158,MGG_00158T0,3913945,3915718,1773
MGG_12628,MGG_12628T0,1991819,1993383,1564
MGG_00654,MGG_00654T0,2122308,2125762,3454
MGG_00178,MGG_00178T0,3842305,3843579,1274
MGG_05196,MGG_05196T0,4916539,4919505,2966
MGG_00790,MGG_00790T0,1612725,1614283,1558
MGG_10692,MGG_10692T0,29437,31976,2539
MGG_16852,MGG_16852T1,4423994,4427312,3318
MGG_16852,MGG_16852T0,4423994,4427279,3285
MGG_16163,MGG_16163T0,2613726,2614521,795
MGG_04502,MGG_04502T0,7289894,7291640,1746
MGG_06858,MGG_06858T0,3005088,3006833,1745
MGG_10142,MGG_10142T0,1601595,1605462,3867
MGG_07448,MGG_07448T0,677994,678983,989
MGG_17560,MGG_17560T0,21368,21830,462
MGG_17065,MGG_17065T0,1305539,1306001,462
MGG_02855,MGG_02855T0,1261143,1263251,2108
MGG_08261,MGG_08261T0,8077239,8080813,3574
MGG_15833,MGG_15833T0,5942668,5944772,2104
MGG_15628,MGG_15628T1,2423995,2424886,891
MGG_15628,MGG_15628T0,2423995,2424886,891
MGG_13744,MGG_13744T0,6612498,6613846,1348
MGG_03854,MGG_03854T0,2815314,2819936,4622
MGG_15768,MGG_15768T0,4857595,4859133,1538
MGG_08776,MGG_08776T0,152210,155382,3172
MGG_16075,MGG_16075T0,1120698,1121109,411
MGG_00082,MGG_00082T0,4182147,4185574,3427
MGG_00933,MGG_00933T0,1074661,1077708,3047
MGG_05390,MGG_05390T0,5064228,5066209,1981
MGG_16710,MGG_16710T0,1784936,1787158,2222
MGG_00664,MGG_00664T0,2091464,2093688,2224
MGG_10668,MGG_10668T0,4601388,4603588,2200
MGG_08772,MGG_08772T0,167904,168981,1077
MGG_02474,MGG_02474T0,1988060,1992129,4069
MGG_04815,MGG_04815T0,1471933,1473097,1164
MGG_17297,MGG_17297T0,81748,82116,368
MGG_17510,MGG_17510T0,3779308,3779981,673
MGG_15622,MGG_15622T0,2287581,2289470,1889
MGG_17325,MGG_17325T0,761582,762156,574
MGG_00015,MGG_00015T0,4431948,4433049,1101
MGG_13218,MGG_13218T0,2504163,2507042,2879
MGG_11552,MGG_11552T0,2408564,2409862,1298
MGG_07493,MGG_07493T0,818805,822712,3907
MGG_07477,MGG_07477T0,771618,773769,2151
MGG_06500,MGG_06500T0,3506329,3509485,3156
MGG_14969,MGG_14969T0,781357,784407,3050
MGG_07137,MGG_07137T0,6501545,6504030,2485
MGG_13907,MGG_13907T0,6218970,6220763,1793
MGG_09368,MGG_09368T0,3534162,3535063,901
MGG_16745,MGG_16745T0,2374287,2374683,396
MGG_10001,MGG_10001T0,4993819,4995561,1742
MGG_14424,MGG_14424T0,7727409,7727796,387
MGG_09054,MGG_09054T0,2551861,2552936,1075
MGG_08501,MGG_08501T0,436396,438140,1744
MGG_07025,MGG_07025T0,6132277,6134936,2659
MGG_08935,MGG_08935T0,2175117,2179732,4615
MGG_06362,MGG_06362T0,4021249,4022834,1585
MGG_01124,MGG_01124T0,451682,453039,1357
MGG_17572,MGG_17572T0,218786,219472,686
MGG_13029,MGG_13029T0,5003454,5004792,1338
MGG_07730,MGG_07730T0,5550345,5551424,1079
MGG_07184,MGG_07184T0,6667413,6668065,652
MGG_16948,MGG_16948T0,6027482,6027966,484
MGG_13985,MGG_13985T0,545893,546465,572
MGG_04673,MGG_04673T0,1227222,1228666,1444
MGG_07572,MGG_07572T0,1073291,1075285,1994
MGG_11584,MGG_11584T0,2988187,2989874,1687
MGG_06422,MGG_06422T0,3788815,3792246,3431
MGG_05177,MGG_05177T0,4851384,4853039,1655
MGG_01482,MGG_01482T0,3725947,3727924,1977
MGG_17009,MGG_17009T0,132515,132844,329
MGG_16193,MGG_16193T0,3024463,3025751,1288
MGG_05434,MGG_05434T0,5208781,5211044,2263
MGG_02508,MGG_02508T0,2152850,2154097,1247
MGG_15497,MGG_15497T0,107190,107727,537
MGG_05448,MGG_05448T0,5251173,5253285,2112
MGG_04873,MGG_04873T0,3790626,3791416,790
MGG_17319,MGG_17319T0,521026,521694,668
MGG_15141,MGG_15141T0,5341829,5343270,1441
MGG_09168,MGG_09168T0,6746,7477,731
MGG_17598,MGG_17598T0,709880,710342,462
MGG_14647,MGG_14647T0,1117714,1119576,1862
MGG_08531,MGG_08531T0,534082,535099,1017
MGG_07270,MGG_07270T0,7033699,7036334,2635
MGG_06905,MGG_06905T0,3204693,3210267,5574
MGG_00722,MGG_00722T0,1876031,1881897,5866
MGG_02188,MGG_02188T0,891962,893720,1758
MGG_02849,MGG_02849T0,1286224,1287823,1599
MGG_18110,MGG_18110T0,108486,109301,815
MGG_08384,MGG_08384T0,7621151,7622983,1832
MGG_08335,MGG_08335T0,7791274,7793021,1747
MGG_04922,MGG_04922T0,3961229,3963280,2051
MGG_02923,MGG_02923T0,1016054,1019794,3740
MGG_09275,MGG_09275T0,4065102,4071741,6639
MGG_09275,MGG_09275T1,4066240,4071741,5501
MGG_17855,MGG_17855T0,145419,146189,770
MGG_09075,MGG_09075T0,59602,60502,900
MGG_08488,MGG_08488T0,399739,402446,2707
MGG_16714,MGG_16714T0,1935230,1935833,603
MGG_15899,MGG_15899T0,7147825,7148013,188
MGG_07491,MGG_07491T0,815376,816625,1249
MGG_09866,MGG_09866T0,3843849,3846660,2811
MGG_08914,MGG_08914T0,2094960,2098914,3954
MGG_16400,MGG_16400T0,5578029,5580261,2232
MGG_01768,MGG_01768T0,4760507,4764053,3546
MGG_11809,MGG_11809T0,3059977,3063200,3223
MGG_07117,MGG_07117T1,6422177,6425293,3116
MGG_07117,MGG_07117T0,6422177,6425293,3116
MGG_06768,MGG_06768T0,2657752,2661404,3652
MGG_02954,MGG_02954T0,872949,877203,4254
MGG_07782,MGG_07782T0,5749670,5750457,787
MGG_17901,MGG_17901T0,764269,766588,2319
MGG_03423,MGG_03423T0,1913437,1914470,1033
MGG_07881,MGG_07881T0,6139181,6140427,1246
MGG_00655,MGG_00655T0,2120135,2122162,2027
MGG_04384,MGG_04384T0,702709,703219,510
MGG_06215,MGG_06215T0,2967510,2969942,2432
MGG_05208,MGG_05208T0,4967824,4968995,1171
MGG_17593,MGG_17593T0,623650,624238,588
MGG_18076,MGG_18076T0,3076078,3076503,425
MGG_09741,MGG_09741T0,5338881,5339525,644
MGG_02303,MGG_02303T0,1309135,1310270,1135
MGG_07625,MGG_07625T0,1249468,1250510,1042
MGG_01517,MGG_01517T0,3880211,3881413,1202
MGG_03164,MGG_03164T0,2835832,2837527,1695
MGG_01786,MGG_01786T0,4821330,4822645,1315
MGG_15042,MGG_15042T0,163662,167825,4163
MGG_08407,MGG_08407T0,7538027,7538551,524
MGG_01608,MGG_01608T0,4176866,4178353,1487
MGG_03368,MGG_03368T0,2117214,2118357,1143
MGG_07478,MGG_07478T0,774502,777356,2854
MGG_06234,MGG_06234T0,4455860,4456854,994
MGG_00387,MGG_00387T0,3038493,3040063,1570
MGG_15174,MGG_15174T0,5498326,5498667,341
MGG_16983,MGG_16983T0,6524725,6525109,384
MGG_10742,MGG_10742T0,90223,92034,1811
MGG_05674,MGG_05674T0,6078173,6081446,3273
MGG_18027,MGG_18027T0,2341856,2342539,683
MGG_16542,MGG_16542T0,7628937,7629344,407
MGG_01354,MGG_01354T0,3223908,3227870,3962
MGG_06707,MGG_06707T0,2472156,2475416,3260
MGG_16597,MGG_16597T0,254844,255306,462
MGG_15993,MGG_15993T0,207581,207869,288
MGG_07109,MGG_07109T0,6386214,6388015,1801
MGG_15635,MGG_15635T0,2566998,2567473,475
MGG_01744,MGG_01744T0,4673956,4675222,1266
MGG_15302,MGG_15302T0,7118561,7118939,378
MGG_14918,MGG_14918T0,2089788,2090167,379
MGG_16160,MGG_16160T0,2532130,2536390,4260
MGG_15267,MGG_15267T0,6492481,6493163,682
MGG_17123,MGG_17123T0,2421534,2423622,2088
MGG_16084,MGG_16084T0,1240289,1240777,488
MGG_11036,MGG_11036T0,5448482,5452703,4221
MGG_14008,MGG_14008T0,820052,822442,2390
MGG_09388,MGG_09388T0,3446899,3449483,2584
MGG_08655,MGG_08655T0,7695131,7696622,1491
MGG_17205,MGG_17205T0,4398502,4398921,419
MGG_05671,MGG_05671T0,6067885,6071511,3626
MGG_01098,MGG_01098T0,516239,517284,1045
MGG_04490,MGG_04490T0,7321904,7323738,1834
MGG_04788,MGG_04788T0,1414013,1418104,4091
MGG_10755,MGG_10755T0,73527,74528,1001
MGG_15331,MGG_15331T0,5230129,5232600,2471
MGG_08002,MGG_08002T0,5379667,5382107,2440
MGG_04016,MGG_04016T0,2226487,2228774,2287
MGG_02499,MGG_02499T0,2097413,2100576,3163
MGG_09441,MGG_09441T0,3272732,3274089,1357
MGG_14906,MGG_14906T0,1641659,1645835,4176
MGG_12488,MGG_12488T0,8118255,8119211,956
MGG_16258,MGG_16258T0,3929472,3929773,301
MGG_15963,MGG_15963T0,8115515,8116338,823
MGG_15721,MGG_15721T0,3832107,3834052,1945
MGG_02076,MGG_02076T1,496668,498221,1553
MGG_02076,MGG_02076T0,497172,498247,1075
MGG_02159,MGG_02159T0,760030,761510,1480
MGG_04007,MGG_04007T0,2251973,2254020,2047
MGG_06693,MGG_06693T0,2410860,2412398,1538
MGG_12139,MGG_12139T0,2087964,2089026,1062
MGG_17555,MGG_17555T0,4471747,4472229,482
MGG_08853,MGG_08853T0,1878125,1879812,1687
MGG_09901,MGG_09901T0,4274326,4277264,2938
MGG_17157,MGG_17157T0,3164033,3165621,1588
MGG_03679,MGG_03679T0,1039521,1040890,1369
MGG_15414,MGG_15414T0,7757578,7758992,1414
MGG_15588,MGG_15588T0,1681094,1681685,591
MGG_13438,MGG_13438T0,1254592,1257384,2792
MGG_00256,MGG_00256T0,3509391,3511476,2085
MGG_03577,MGG_03577T0,1402681,1404005,1324
MGG_06295,MGG_06295T0,4260193,4261266,1073
MGG_07034,MGG_07034T0,6160837,6162017,1180
MGG_16553,MGG_16553T0,7807546,7808087,541
MGG_08577,MGG_08577T0,733273,735613,2340
MGG_05423,MGG_05423T0,5173015,5175624,2609
MGG_17208,MGG_17208T0,4478971,4479123,152
MGG_05281,MGG_05281T0,5262377,5264661,2284
MGG_05281,MGG_05281T1,5262377,5264661,2284
MGG_09507,MGG_09507T0,3443781,3447688,3907
MGG_03911,MGG_03911T0,2614434,2616742,2308
MGG_16963,MGG_16963T0,6250411,6250852,441
MGG_13464,MGG_13464T0,1561218,1564067,2849
MGG_06150,MGG_06150T0,2745658,2748380,2722
MGG_09215,MGG_09215T0,3797887,3804542,6655
MGG_04009,MGG_04009T0,2246696,2249038,2342
MGG_17822,MGG_17822T0,3736670,3738732,2062
MGG_11604,MGG_11604T0,3315926,3318078,2152
MGG_16214,MGG_16214T0,3269727,3269963,236
MGG_11701,MGG_11701T0,4595882,4600390,4508
MGG_02450,MGG_02450T0,1917030,1919394,2364
MGG_15512,MGG_15512T0,234960,235422,462
MGG_13240,MGG_13240T0,2158698,2159271,573
MGG_12109,MGG_12109T0,2466875,2469714,2839
MGG_17128,MGG_17128T0,2609075,2609557,482
MGG_14852,MGG_14852T0,3460918,3465518,4600
MGG_09085,MGG_09085T0,103860,105323,1463
MGG_11243,MGG_11243T0,2924765,2927148,2383
MGG_06936,MGG_06936T0,3313945,3315549,1604
MGG_01295,MGG_01295T0,3010603,3012227,1624
MGG_17186,MGG_17186T0,3940366,3940778,412
MGG_09583,MGG_09583T0,3327955,3328266,311
MGG_04134,MGG_04134T0,1841288,1843516,2228
MGG_06024,MGG_06024T0,2310186,2317070,6884
MGG_06400,MGG_06400T0,3862385,3866191,3806
MGG_15994,MGG_15994T0,209621,213918,4297
MGG_15820,MGG_15820T0,5754859,5755590,731
MGG_11691,MGG_11691T0,4361819,4362955,1136
MGG_10310,MGG_10310T0,166190,167256,1066
MGG_14297,MGG_14297T0,6582537,6584021,1484
MGG_15915,MGG_15915T0,7436882,7438741,1859
MGG_16092,MGG_16092T0,1332704,1333160,456
MGG_14734,MGG_14734T0,553807,554254,447
MGG_09739,MGG_09739T0,5341667,5342563,896
MGG_05806,MGG_05806T0,3036440,3039448,3008
MGG_03002,MGG_03002T0,687187,690995,3808
MGG_00606,MGG_00606T0,2302683,2305426,2743
MGG_02071,MGG_02071T1,475296,477515,2219
MGG_02071,MGG_02071T0,475016,477515,2499
MGG_15675,MGG_15675T0,3193712,3195039,1327
MGG_16235,MGG_16235T0,3501458,3501781,323
MGG_11667,MGG_11667T0,4141842,4142602,760
MGG_01547,MGG_01547T0,3970822,3972028,1206
MGG_08558,MGG_08558T0,662099,665174,3075
MGG_00316,MGG_00316T0,3295255,3298277,3022
MGG_07460,MGG_07460T0,722729,724308,1579
MGG_17927,MGG_17927T0,1060773,1061091,318
MGG_02717,MGG_02717T0,1762678,1764329,1651
MGG_08547,MGG_08547T0,595923,601005,5082
MGG_03893,MGG_03893T0,2676122,2678866,2744
MGG_06892,MGG_06892T0,3141519,3144244,2725
MGG_06010,MGG_06010T0,2270935,2271656,721
MGG_17813,MGG_17813T0,3665270,3667879,2609
MGG_13573,MGG_13573T0,4583187,4585918,2731
MGG_13079,MGG_13079T0,5367225,5369742,2517
MGG_01653,MGG_01653T0,4344936,4348079,3143
MGG_07442,MGG_07442T0,656381,658360,1979
MGG_09466,MGG_09466T0,3583296,3585786,2490
MGG_09333,MGG_09333T0,3650193,3651420,1227
MGG_01978,MGG_01978T0,115526,118721,3195
MGG_04316,MGG_04316T0,1204456,1206521,2065
MGG_17933,MGG_17933T0,1079494,1082739,3245
MGG_05825,MGG_05825T0,1620645,1622676,2031
MGG_00100,MGG_00100T0,4142729,4143957,1228
MGG_00563,MGG_00563T0,2477202,2478363,1161
MGG_01076,MGG_01076T0,587943,591394,3451
MGG_08072,MGG_08072T0,5595369,5600621,5252
MGG_07275,MGG_07275T0,7053313,7057449,4136
MGG_04585,MGG_04585T0,1034352,1037281,2929
MGG_15603,MGG_15603T0,2006800,2007060,260
MGG_14851,MGG_14851T0,3498863,3499762,899
MGG_13163,MGG_13163T0,6284821,6289013,4192
MGG_00295,MGG_00295T0,3373932,3376790,2858
MGG_01158,MGG_01158T0,302037,307826,5789
MGG_17162,MGG_17162T0,3204115,3204995,880
MGG_04083,MGG_04083T0,2022489,2023714,1225
MGG_10341,MGG_10341T0,50283,51225,942
MGG_03557,MGG_03557T0,1476421,1479072,2651
MGG_00546,MGG_00546T0,2514272,2514697,425
MGG_01641,MGG_01641T0,4302487,4305223,2736
MGG_03735,MGG_03735T0,881155,883209,2054
MGG_12773,MGG_12773T0,2989588,2991172,1584
MGG_14943,MGG_14943T0,2934214,2947229,13015
MGG_01501,MGG_01501T0,3837516,3839189,1673
MGG_17782,MGG_17782T0,3313437,3314377,940
MGG_12789,MGG_12789T0,3148554,3150119,1565
MGG_16500,MGG_16500T0,6813508,6814719,1211
MGG_11784,MGG_11784T0,3486464,3491563,5099
MGG_04462,MGG_04462T0,7417648,7420672,3024
MGG_14701,MGG_14701T0,3262287,3263943,1656
MGG_16814,MGG_16814T0,3653776,3654113,337
MGG_11422,MGG_11422T0,372651,373287,636
MGG_03822,MGG_03822T0,2922901,2924618,1717
MGG_15283,MGG_15283T0,1359156,1360437,1281
MGG_08694,MGG_08694T0,438943,440658,1715
MGG_09844,MGG_09844T0,3926674,3927237,563
MGG_06952,MGG_06952T0,3353203,3354215,1012
MGG_07205,MGG_07205T0,6756772,6761591,4819
MGG_09225,MGG_09225T0,3825649,3826998,1349
MGG_17649,MGG_17649T0,1316422,1317083,661
MGG_16991,MGG_16991T0,6593536,6593869,333
MGG_17712,MGG_17712T0,2316484,2318669,2185
MGG_15953,MGG_15953T0,7927431,7928000,569
MGG_07475,MGG_07475T1,764394,765668,1274
MGG_07475,MGG_07475T0,764394,766253,1859
MGG_01210,MGG_01210T0,2675580,2677265,1685
MGG_14785,MGG_14785T0,3730616,3732404,1788
MGG_01896,MGG_01896T0,5248773,5250764,1991
MGG_13773,MGG_13773T0,6891141,6893389,2248
MGG_05814,MGG_05814T0,3061283,3063444,2161
MGG_10910,MGG_10910T0,3651697,3653363,1666
MGG_00151,MGG_00151T0,3934588,3939195,4607
MGG_00861,MGG_00861T0,1345970,1350801,4831
MGG_08523,MGG_08523T0,507637,509792,2155
MGG_16888,MGG_16888T0,5039879,5041062,1183
MGG_05959,MGG_05959T0,2115591,2118587,2996
MGG_14114,MGG_14114T0,37498,38556,1058
MGG_16832,MGG_16832T0,4033307,4034260,953
MGG_11100,MGG_11100T0,5436031,5438922,2891
MGG_15545,MGG_15545T0,955267,957112,1845
MGG_15836,MGG_15836T0,5992999,5993890,891
MGG_07639,MGG_07639T0,1295594,1299835,4241
MGG_03632,MGG_03632T0,1193440,1195403,1963
MGG_13934,MGG_13934T0,94197,95691,1494
MGG_10924,MGG_10924T0,7882555,7885267,2712
MGG_00574,MGG_00574T0,2441108,2442847,1739
MGG_16855,MGG_16855T0,4489858,4491447,1589
MGG_03199,MGG_03199T0,2722275,2724179,1904
MGG_01230,MGG_01230T0,2766842,2769123,2281
MGG_15587,MGG_15587T0,1677315,1677743,428
MGG_07392,MGG_07392T0,422488,423570,1082
MGG_03791,MGG_03791T0,3043552,3044304,752
MGG_04948,MGG_04948T0,4044203,4045532,1329
MGG_10160,MGG_10160T0,1645153,1646925,1772
MGG_17305,MGG_17305T0,153712,154017,305
MGG_14367,MGG_14367T0,1033871,1035863,1992
MGG_09908,MGG_09908T0,4300897,4302074,1177
MGG_05378,MGG_05378T0,5017114,5019500,2386
MGG_13325,MGG_13325T0,68734,69515,781
MGG_15134,MGG_15134T0,4747832,4749181,1349
MGG_01160,MGG_01160T0,299208,300067,859
MGG_01721,MGG_01721T0,4570524,4573509,2985
MGG_15143,MGG_15143T0,4625488,4626041,553
MGG_15826,MGG_15826T0,5861809,5862435,626
MGG_02877,MGG_02877T0,1181357,1182521,1164
MGG_08585,MGG_08585T0,772466,774888,2422
MGG_17386,MGG_17386T0,1872710,1873188,478
MGG_10116,MGG_10116T0,4588927,4591213,2286
MGG_01191,MGG_01191T0,2581678,2584931,3253
MGG_14792,MGG_14792T0,3920482,3922143,1661
MGG_06981,MGG_06981T0,3456038,3460684,4646
MGG_06981,MGG_06981T2,3456038,3460684,4646
MGG_06981,MGG_06981T1,3456038,3460684,4646
MGG_13107,MGG_13107T0,5539502,5540950,1448
MGG_06507,MGG_06507T0,3483724,3487339,3615
MGG_08726,MGG_08726T0,342984,343715,731
MGG_16383,MGG_16383T0,5465070,5465839,769
MGG_09476,MGG_09476T0,3552977,3553841,864
MGG_02982,MGG_02982T0,767834,770070,2236
MGG_16107,MGG_16107T0,1586407,1587247,840
MGG_06117,MGG_06117T0,2629293,2633279,3986
MGG_06223,MGG_06223T0,4485388,4486494,1106
MGG_01623,MGG_01623T0,4230337,4233579,3242
MGG_01850,MGG_01850T0,5093856,5095788,1932
MGG_06799,MGG_06799T0,2788041,2791009,2968
MGG_00319,MGG_00319T0,3286188,3288284,2096
MGG_04886,MGG_04886T0,3835723,3840765,5042
MGG_01239,MGG_01239T0,2804239,2805557,1318
MGG_14162,MGG_14162T0,4000304,4003205,2901
MGG_17392,MGG_17392T0,1941386,1941869,483
MGG_07452,MGG_07452T0,692093,693130,1037
MGG_02512,MGG_02512T0,2162349,2163435,1086
MGG_09639,MGG_09639T0,3110874,3118767,7893
MGG_02090,MGG_02090T0,529938,530565,627
MGG_03957,MGG_03957T0,2433996,2435883,1887
MGG_05741,MGG_05741T0,6347068,6348088,1020
MGG_05110,MGG_05110T0,4628275,4629661,1386
MGG_16141,MGG_16141T0,2194147,2195104,957
MGG_06966,MGG_06966T0,3397545,3401150,3605
MGG_03559,MGG_03559T0,1465071,1467718,2647
MGG_15613,MGG_15613T0,2213437,2213686,249
MGG_10678,MGG_10678T0,78509,80628,2119
MGG_04652,MGG_04652T0,1138617,1145570,6953
MGG_03931,MGG_03931T0,2525744,2530065,4321
MGG_07305,MGG_07305T0,7173799,7176070,2271
MGG_01734,MGG_01734T0,4622445,4626597,4152
MGG_09462,MGG_09462T0,3596912,3597968,1056
MGG_00829,MGG_00829T0,1475887,1477034,1147
MGG_10829,MGG_10829T0,528323,531561,3238
MGG_00659,MGG_00659T0,2108568,2111708,3140
MGG_15716,MGG_15716T0,3816917,3817379,462
MGG_14673,MGG_14673T0,2491369,2491756,387
MGG_06224,MGG_06224T0,4483729,4484133,404
MGG_16068,MGG_16068T0,1011487,1011949,462
MGG_10344,MGG_10344T0,43367,44912,1545
MGG_07542,MGG_07542T0,964855,966085,1230
MGG_03820,MGG_03820T0,2927346,2929105,1759
MGG_16362,MGG_16362T0,5263310,5264041,731
MGG_00517,MGG_00517T0,2620622,2622737,2115
MGG_15163,MGG_15163T0,6286495,6289627,3132
MGG_04289,MGG_04289T0,1273828,1275442,1614
MGG_05856,MGG_05856T0,1735695,1740807,5112
MGG_09031,MGG_09031T0,2642868,2643617,749
MGG_02647,MGG_02647T0,2074886,2075570,684
MGG_14802,MGG_14802T0,4180761,4181665,904
MGG_14719,MGG_14719T0,4034549,4035877,1328
MGG_09492,MGG_09492T0,3499513,3500872,1359
MGG_04341,MGG_04341T0,1105124,1106325,1201
MGG_02123,MGG_02123T0,631412,634316,2904
MGG_18119,MGG_18119T0,214325,215406,1081
MGG_17835,MGG_17835T0,3874695,3875574,879
MGG_15413,MGG_15413T0,7731926,7733289,1363
MGG_00748,MGG_00748T0,1777574,1782142,4568
MGG_17417,MGG_17417T0,2376048,2376613,565
MGG_08782,MGG_08782T0,136184,136928,744
MGG_14251,MGG_14251T0,125530,127924,2394
MGG_05319,MGG_05319T0,5396247,5399811,3564
MGG_12830,MGG_12830T0,3613259,3615854,2595
MGG_07655,MGG_07655T0,1382984,1384711,1727
MGG_17343,MGG_17343T0,1169057,1170201,1144
MGG_05721,MGG_05721T0,6241369,6243375,2006
MGG_06888,MGG_06888T0,3130730,3133497,2767
MGG_00593,MGG_00593T0,2369208,2372415,3207
MGG_09383,MGG_09383T1,3462848,3466066,3218
MGG_09383,MGG_09383T0,3462848,3466335,3487
MGG_06685,MGG_06685T0,2385637,2387022,1385
MGG_08117,MGG_08117T0,5742051,5744602,2551
MGG_17951,MGG_17951T0,1272783,1273020,237
MGG_00460,MGG_00460T0,2819116,2820853,1737
MGG_06137,MGG_06137T0,2690636,2692630,1994
MGG_10579,MGG_10579T0,2830521,2836140,5619
MGG_09776,MGG_09776T0,5215443,5218190,2747
MGG_09477,MGG_09477T0,3551576,3552650,1074
MGG_15900,MGG_15900T0,7179115,7180110,995
MGG_04855,MGG_04855T0,3732921,3739427,6506
MGG_05571,MGG_05571T1,5685511,5687706,2195
MGG_05571,MGG_05571T0,5685511,5687706,2195
MGG_03153,MGG_03153T0,2870239,2871256,1017
MGG_04682,MGG_04682T0,6973232,6975611,2379
MGG_16701,MGG_16701T0,1689609,1690125,516
MGG_09581,MGG_09581T0,3339270,3339732,462
MGG_08500,MGG_08500T0,433993,435781,1788
MGG_00941,MGG_00941T0,1047967,1049470,1503
MGG_00623,MGG_00623T0,2232562,2236030,3468
MGG_18131,MGG_18131T0,451706,452168,462
MGG_09657,MGG_09657T0,3047457,3047786,329
MGG_09994,MGG_09994T0,5019478,5021331,1853
MGG_04243,MGG_04243T0,1439439,1440692,1253
MGG_15236,MGG_15236T0,2024514,2025153,639
MGG_11638,MGG_11638T0,3744645,3752641,7996
MGG_13793,MGG_13793T0,7107284,7110884,3600
MGG_15343,MGG_15343T0,67968,70722,2754
MGG_09452,MGG_09452T0,3235057,3235554,497
MGG_03984,MGG_03984T0,2331478,2333122,1644
MGG_09326,MGG_09326T0,3668013,3669144,1131
MGG_04939,MGG_04939T0,4016020,4017517,1497
MGG_13198,MGG_13198T0,2730780,2731971,1191
MGG_07830,MGG_07830T0,5969936,5971771,1835
MGG_05630,MGG_05630T0,5906933,5910614,3681
MGG_03257,MGG_03257T0,2510524,2513470,2946
MGG_03659,MGG_03659T0,1108762,1110516,1754
MGG_16543,MGG_16543T0,7673466,7673951,485
MGG_09934,MGG_09934T0,4398115,4400595,2480
MGG_06367,MGG_06367T0,3997411,3999323,1912
MGG_07680,MGG_07680T0,1498937,1499665,728
MGG_09814,MGG_09814T0,4028009,4030957,2948
MGG_17010,MGG_17010T0,150877,151347,470
MGG_01920,MGG_01920T0,644958,647512,2554
MGG_01084,MGG_01084T0,565515,566746,1231
MGG_02754,MGG_02754T0,1648418,1652076,3658
MGG_03860,MGG_03860T0,2800748,2803345,2597
MGG_14477,MGG_14477T0,1331785,1333830,2045
MGG_01134,MGG_01134T0,377781,380491,2710
MGG_16531,MGG_16531T0,7479216,7481077,1861
MGG_06887,MGG_06887T0,3128170,3130663,2493
MGG_06677,MGG_06677T0,2359668,2361530,1862
MGG_15071,MGG_15071T0,6146215,6148512,2297
MGG_02349,MGG_02349T0,1495633,1496700,1067
MGG_17429,MGG_17429T0,2503559,2506696,3137
MGG_05875,MGG_05875T0,1803849,1804918,1069
MGG_00879,MGG_00879T0,1285393,1288237,2844
MGG_07605,MGG_07605T0,1175189,1176350,1161
MGG_10198,MGG_10198T0,1734061,1735767,1706
MGG_17780,MGG_17780T0,3306470,3307144,674
MGG_15324,MGG_15324T0,4779446,4782513,3067
MGG_11536,MGG_11536T0,2215536,2218125,2589
MGG_00043,MGG_00043T0,4318537,4319025,488
MGG_02651,MGG_02651T0,2060164,2061104,940
MGG_16569,MGG_16569T0,7914217,7914679,462
MGG_11577,MGG_11577T0,2827129,2829278,2149
MGG_07384,MGG_07384T0,394365,396570,2205
MGG_13809,MGG_13809T0,7257183,7260864,3681
MGG_15843,MGG_15843T0,6183595,6183971,376
MGG_07652,MGG_07652T0,1369617,1370772,1155
MGG_17582,MGG_17582T0,474143,474459,316
MGG_01931,MGG_01931T0,620793,623238,2445
MGG_07566,MGG_07566T0,1052038,1053256,1218
MGG_02471,MGG_02471T0,1980315,1983105,2790
MGG_05714,MGG_05714T0,6210915,6216597,5682
MGG_05349,MGG_05349T0,4900022,4901580,1558
MGG_03537,MGG_03537T0,1552078,1557254,5176
MGG_16190,MGG_16190T0,2989106,2990948,1842
MGG_00741,MGG_00741T0,1801209,1802643,1434
MGG_17441,MGG_17441T0,2639289,2640364,1075
MGG_08887,MGG_08887T0,1989049,1994444,5395
MGG_15990,MGG_15990T0,194251,196096,1845
MGG_18000,MGG_18000T0,1978487,1979192,705
MGG_08078,MGG_08078T0,5617447,5618705,1258
MGG_07960,MGG_07960T0,6389322,6390524,1202
MGG_00720,MGG_00720T0,1886158,1889919,3761
MGG_16548,MGG_16548T0,7781355,7782464,1109
MGG_09150,MGG_09150T1,307734,309753,2019
MGG_09150,MGG_09150T0,307734,309682,1948
MGG_02745,MGG_02745T0,1683150,1683826,676
MGG_17464,MGG_17464T0,2991120,2991478,358
MGG_03785,MGG_03785T0,3070414,3071428,1014
MGG_02988,MGG_02988T0,735127,738579,3452
MGG_17934,MGG_17934T0,1084493,1084672,179
MGG_10315,MGG_10315T0,153472,154397,925
MGG_13208,MGG_13208T0,2601154,2602806,1652
MGG_17574,MGG_17574T0,238213,238766,553
MGG_04390,MGG_04390T0,720796,723999,3203
MGG_06069,MGG_06069T0,2469158,2471257,2099
MGG_08727,MGG_08727T0,338320,339478,1158
MGG_01471,MGG_01471T0,3686391,3687878,1487
MGG_02529,MGG_02529T0,2494500,2496614,2114
MGG_02833,MGG_02833T0,1343394,1348024,4630
MGG_09924,MGG_09924T0,4356126,4358961,2835
MGG_01290,MGG_01290T0,2993275,2996239,2964
MGG_16472,MGG_16472T0,6492639,6496363,3724
MGG_06456,MGG_06456T0,3671715,3672923,1208
MGG_01904,MGG_01904T0,690120,690575,455
MGG_07088,MGG_07088T0,6317874,6319192,1318
MGG_06110,MGG_06110T0,2608429,2610496,2067
MGG_11862,MGG_11862T0,2692971,2695568,2597
MGG_05788,MGG_05788T0,3093847,3095197,1350
MGG_09819,MGG_09819T0,4012006,4013197,1191
MGG_00756,MGG_00756T0,1749308,1751849,2541
MGG_01689,MGG_01689T0,4466471,4468921,2450
MGG_14848,MGG_14848T0,4088001,4089103,1102
MGG_14115,MGG_14115T0,414773,417110,2337
MGG_08664,MGG_08664T0,7721539,7722607,1068
MGG_05969,MGG_05969T0,2148182,2152030,3848
MGG_02122,MGG_02122T0,628536,630649,2113
MGG_07300,MGG_07300T0,7148599,7150856,2257
MGG_14939,MGG_14939T0,2744223,2745685,1462
MGG_02304,MGG_02304T0,1310645,1311795,1150
MGG_03536,MGG_03536T0,1557946,1560491,2545
MGG_00383,MGG_00383T0,3055226,3057467,2241
MGG_14688,MGG_14688T0,3058984,3060813,1829
MGG_10725,MGG_10725T0,127379,128061,682
MGG_01699,MGG_01699T0,4504029,4507703,3674
MGG_01767,MGG_01767T0,4757971,4759885,1914
MGG_02874,MGG_02874T0,1197193,1203181,5988
MGG_11764,MGG_11764T0,3758565,3763158,4593
MGG_11764,MGG_11764T1,3758565,3763158,4593
MGG_02790,MGG_02790T0,1493127,1495438,2311
MGG_03755,MGG_03755T0,3167804,3169672,1868
MGG_15593,MGG_15593T0,1796727,1797543,816
MGG_12862,MGG_12862T0,4245446,4249371,3925
MGG_16161,MGG_16161T0,2536367,2540310,3943
MGG_08329,MGG_08329T0,7806924,7809086,2162
MGG_00365,MGG_00365T0,3111851,3114402,2551
MGG_00287,MGG_00287T0,3413313,3414801,1488
MGG_02583,MGG_02583T0,2297870,2300661,2791
MGG_07692,MGG_07692T0,1539686,1540504,818
MGG_07257,MGG_07257T0,6974345,6975837,1492
MGG_04742,MGG_04742T0,1353514,1354696,1182
MGG_14798,MGG_14798T0,4075553,4076551,998
MGG_10565,MGG_10565T0,2864789,2866477,1688
MGG_00707,MGG_00707T0,1915472,1917175,1703
MGG_05962,MGG_05962T0,2132691,2133814,1123
MGG_01765,MGG_01765T0,4754905,4756325,1420
MGG_15880,MGG_15880T0,6799589,6799921,332
MGG_17943,MGG_17943T0,1196432,1197078,646
MGG_02283,MGG_02283T0,1256932,1257387,455
MGG_04857,MGG_04857T0,3743568,3745621,2053
MGG_06168,MGG_06168T0,2812300,2815165,2865
MGG_11012,MGG_11012T0,515721,516290,569
MGG_09400,MGG_09400T0,3404787,3406625,1838
MGG_03522,MGG_03522T0,1603504,1605634,2130
MGG_01836,MGG_01836T0,5042324,5046919,4595
MGG_04162,MGG_04162T0,1758039,1759788,1749
MGG_11440,MGG_11440T0,592874,595452,2578
MGG_10150,MGG_10150T0,1615341,1617910,2569
MGG_02741,MGG_02741T0,1693186,1696260,3074
MGG_10757,MGG_10757T0,77417,78593,1176
MGG_00566,MGG_00566T0,2467253,2468443,1190
MGG_10442,MGG_10442T0,259746,261102,1356
MGG_10573,MGG_10573T0,2845190,2846819,1629
MGG_04908,MGG_04908T0,3913512,3916310,2798
MGG_00922,MGG_00922T0,1132733,1134602,1869
MGG_16504,MGG_16504T0,6852773,6852940,167
MGG_00202,MGG_00202T0,3718597,3720360,1763
MGG_03266,MGG_03266T0,2464827,2466379,1552
MGG_00116,MGG_00116T0,4085455,4087244,1789
MGG_04121,MGG_04121T0,1882114,1884168,2054
MGG_09550,MGG_09550T0,3311210,3312774,1564
MGG_08732,MGG_08732T0,321167,324331,3164
MGG_06938,MGG_06938T0,3318323,3319974,1651
MGG_01136,MGG_01136T0,374036,375132,1096
MGG_17442,MGG_17442T0,2640291,2642707,2416
MGG_11274,MGG_11274T0,2572413,2574595,2182
MGG_15082,MGG_15082T0,6617778,6619095,1317
MGG_13919,MGG_13919T0,6298696,6301519,2823
MGG_04571,MGG_04571T0,1006376,1009334,2958
MGG_07033,MGG_07033T0,6157185,6160799,3614
MGG_17278,MGG_17278T0,5416073,5418066,1993
MGG_02021,MGG_02021T0,264208,265214,1006
MGG_06419,MGG_06419T0,3810051,3812559,2508
MGG_01208,MGG_01208T0,2662102,2663480,1378
MGG_17993,MGG_17993T0,1870976,1871338,362
MGG_00177,MGG_00177T0,3843680,3845190,1510
MGG_13065,MGG_13065T0,5241813,5245669,3856
MGG_17629,MGG_17629T0,1082252,1082878,626
MGG_07953,MGG_07953T0,6366976,6370263,3287
MGG_03907,MGG_03907T0,2629847,2632057,2210
MGG_04927,MGG_04927T0,3979560,3982402,2842
MGG_17889,MGG_17889T0,632603,633817,1214
MGG_08827,MGG_08827T0,1786952,1790805,3853
MGG_17921,MGG_17921T0,985906,986883,977
MGG_08970,MGG_08970T0,2325366,2330417,5051
MGG_05295,MGG_05295T0,5312858,5315563,2705
MGG_17105,MGG_17105T0,2128278,2128741,463
MGG_06497,MGG_06497T0,3517077,3521370,4293
MGG_05766,MGG_05766T0,6446999,6448010,1011
MGG_18073,MGG_18073T0,3048373,3048738,365
MGG_11067,MGG_11067T0,836078,836981,903
MGG_05499,MGG_05499T0,5438665,5440175,1510
MGG_14990,MGG_14990T0,656231,658302,2071
MGG_07016,MGG_07016T0,3586895,3588288,1393
MGG_08621,MGG_08621T0,7596645,7597537,892
MGG_02709,MGG_02709T0,1786999,1788153,1154
MGG_04590,MGG_04590T0,7143034,7146469,3435
MGG_07628,MGG_07628T0,1260884,1263556,2672
MGG_02623,MGG_02623T0,2167610,2168757,1147
MGG_04929,MGG_04929T0,3983707,3986111,2404
MGG_18017,MGG_18017T0,2240134,2242254,2120
MGG_12982,MGG_12982T0,3648594,3649762,1168
MGG_02340,MGG_02340T0,1456213,1457604,1391
MGG_04569,MGG_04569T0,996176,998063,1887
MGG_16955,MGG_16955T0,6122187,6122497,310
MGG_13763,MGG_13763T0,6748639,6750122,1483
MGG_17887,MGG_17887T0,620961,621628,667
MGG_10574,MGG_10574T0,2844285,2844809,524
MGG_17143,MGG_17143T0,2988964,2989207,243
MGG_01125,MGG_01125T0,448034,450813,2779
MGG_15385,MGG_15385T0,2775557,2776547,990
MGG_06942,MGG_06942T0,3327120,3327581,461
MGG_17603,MGG_17603T0,764878,765573,695
MGG_15767,MGG_15767T0,4856344,4857035,691
MGG_17606,MGG_17606T0,779047,779881,834
MGG_06673,MGG_06673T0,2347924,2355421,7497
MGG_05677,MGG_05677T0,6089611,6091046,1435
MGG_15023,MGG_15023T0,1939806,1943651,3845
MGG_07816,MGG_07816T0,5858511,5859899,1388
MGG_05257,MGG_05257T0,5170639,5174537,3898
MGG_16139,MGG_16139T0,2123209,2123513,304
MGG_02409,MGG_02409T0,1749343,1751207,1864
MGG_15668,MGG_15668T0,3075997,3079083,3086
MGG_09016,MGG_09016T0,2695108,2698113,3005
MGG_00823,MGG_00823T0,1492858,1494748,1890
MGG_05727,MGG_05727T0,6290890,6295817,4927
MGG_16089,MGG_16089T0,1319031,1319414,383
MGG_01231,MGG_01231T0,2770371,2771709,1338
MGG_13781,MGG_13781T0,6977155,6979369,2214
MGG_08954,MGG_08954T0,2262537,2265943,3406
MGG_08954,MGG_08954T1,2262703,2265943,3240
MGG_03061,MGG_03061T0,443828,446164,2336
MGG_04171,MGG_04171T0,1722400,1724656,2256
MGG_16512,MGG_16512T0,7119971,7120761,790
MGG_17561,MGG_17561T0,28447,28909,462
MGG_03974,MGG_03974T0,2357578,2359445,1867
MGG_07306,MGG_07306T0,7180272,7182625,2353
MGG_04968,MGG_04968T0,4104844,4108020,3176
MGG_01129,MGG_01129T0,398599,400850,2251
MGG_07145,MGG_07145T0,6533899,6537675,3776
MGG_08944,MGG_08944T0,2224459,2224946,487
MGG_00494,MGG_00494T0,2714870,2718294,3424
MGG_03341,MGG_03341T0,2201247,2204788,3541
MGG_11632,MGG_11632T0,3646310,3648422,2112
MGG_04985,MGG_04985T0,4160409,4165199,4790
MGG_16829,MGG_16829T0,3990360,3991018,658
MGG_16055,MGG_16055T0,895318,896065,747
MGG_07851,MGG_07851T0,6022755,6024731,1976
MGG_03071,MGG_03071T0,389688,391623,1935
MGG_06984,MGG_06984T0,3470261,3474328,4067
MGG_02969,MGG_02969T0,806886,807437,551
MGG_06464,MGG_06464T0,3640169,3641817,1648
MGG_03113,MGG_03113T0,147327,148170,843
MGG_11457,MGG_11457T0,898574,901665,3091
MGG_11457,MGG_11457T1,899193,901196,2003
MGG_00104,MGG_00104T0,4135345,4136335,990
MGG_09233,MGG_09233T0,3861532,3863386,1854
MGG_01150,MGG_01150T0,328442,333041,4599
MGG_07098,MGG_07098T0,6355467,6359668,4201
MGG_10592,MGG_10592T0,2780907,2782384,1477
MGG_02860,MGG_02860T0,1248969,1249922,953
MGG_18128,MGG_18128T0,401407,401978,571
MGG_00481,MGG_00481T0,2751500,2753691,2191
MGG_03333,MGG_03333T0,2227968,2230605,2637
MGG_05414,MGG_05414T0,5141537,5142013,476
MGG_01603,MGG_01603T0,4161947,4163781,1834
MGG_03358,MGG_03358T0,2151995,2154876,2881
MGG_07344,MGG_07344T0,7335154,7336039,885
MGG_00917,MGG_00917T0,1148049,1149654,1605
MGG_04191,MGG_04191T0,1646073,1649000,2927
MGG_17670,MGG_17670T0,1522759,1524047,1288
MGG_15926,MGG_15926T0,7584740,7585171,431
MGG_09001,MGG_09001T0,2419021,2419468,447
MGG_13331,MGG_13331T0,116216,117536,1320
MGG_05626,MGG_05626T0,5889144,5894481,5337
MGG_14597,MGG_14597T0,735167,737713,2546
MGG_11009,MGG_11009T0,198795,200373,1578
MGG_11553,MGG_11553T0,2418071,2421167,3096
MGG_08262,MGG_08262T0,8073756,8076954,3198
MGG_04988,MGG_04988T0,4175810,4180296,4486
MGG_16620,MGG_16620T0,502245,502823,578
MGG_03920,MGG_03920T0,2576923,2578740,1817
MGG_16413,MGG_16413T0,5730278,5730822,544
MGG_13279,MGG_13279T0,1864461,1869211,4750
MGG_14183,MGG_14183T0,321571,322668,1097
MGG_17792,MGG_17792T0,3468364,3468890,526
MGG_17427,MGG_17427T0,2473254,2473664,410
MGG_16994,MGG_16994T0,6601972,6602528,556
MGG_00979,MGG_00979T0,939781,942868,3087
MGG_07985,MGG_07985T0,5328792,5333346,4554
MGG_15637,MGG_15637T0,2600806,2601698,892
MGG_01960,MGG_01960T0,52160,54075,1915
MGG_17480,MGG_17480T0,3312552,3313656,1104
MGG_08783,MGG_08783T0,133324,135938,2614
MGG_07847,MGG_07847T0,6012639,6013307,668
MGG_10127,MGG_10127T0,1582522,1586723,4201
MGG_07586,MGG_07586T0,1121577,1122758,1181
MGG_14648,MGG_14648T0,1153309,1153709,400
MGG_08092,MGG_08092T0,5665045,5670111,5066
MGG_15541,MGG_15541T0,841174,841495,321
MGG_06468,MGG_06468T0,3627516,3628749,1233
MGG_02738,MGG_02738T0,1699676,1700851,1175
MGG_18066,MGG_18066T0,2985005,2985864,859
MGG_05705,MGG_05705T0,6179576,6180393,817
MGG_17880,MGG_17880T0,539582,540055,473
MGG_00388,MGG_00388T0,3034142,3038589,4447
MGG_07350,MGG_07350T0,7353199,7354307,1108
MGG_02079,MGG_02079T0,503268,504241,973
MGG_10557,MGG_10557T0,2914944,2915540,596
MGG_00822,MGG_00822T0,1495368,1496434,1066
MGG_09863,MGG_09863T0,3852760,3854653,1893
MGG_16574,MGG_16574T0,7935474,7937260,1786
MGG_05483,MGG_05483T0,5369707,5371420,1713
MGG_00687,MGG_00687T0,1993669,1996281,2612
MGG_00962,MGG_00962T0,988835,989559,724
MGG_00692,MGG_00692T0,1959562,1964071,4509
MGG_10837,MGG_10837T0,508955,512572,3617
MGG_10485,MGG_10485T0,395118,398088,2970
MGG_16074,MGG_16074T0,1078095,1078557,462
MGG_10658,MGG_10658T0,4565083,4566917,1834
MGG_09899,MGG_09899T0,4269694,4271468,1774
MGG_06004,MGG_06004T0,2254679,2256032,1353
MGG_05702,MGG_05702T0,6171135,6172650,1515
MGG_18061,MGG_18061T0,2913326,2914246,920
MGG_00736,MGG_00736T0,1819115,1825564,6449
MGG_03430,MGG_03430T0,1894293,1895948,1655
MGG_04965,MGG_04965T0,4089682,4092594,2912
MGG_08829,MGG_08829T0,1793465,1796718,3253
MGG_00905,MGG_00905T0,1182789,1184844,2055
MGG_03680,MGG_03680T0,1038017,1039505,1488
MGG_10106,MGG_10106T0,4620901,4622725,1824
MGG_15954,MGG_15954T0,7948540,7950757,2217
MGG_16933,MGG_16933T0,5816013,5817009,996
MGG_04761,MGG_04761T0,1389121,1391105,1984
MGG_08567,MGG_08567T0,685210,685542,332
MGG_16185,MGG_16185T0,2946565,2947213,648
MGG_00042,MGG_00042T0,4319471,4321511,2040
MGG_02509,MGG_02509T0,2157444,2158879,1435
MGG_10781,MGG_10781T0,183048,183757,709
MGG_10801,MGG_10801T0,7434496,7435797,1301
MGG_10288,MGG_10288T0,227519,229797,2278
MGG_02382,MGG_02382T0,1627465,1628205,740
MGG_03628,MGG_03628T0,1208016,1210568,2552
MGG_02781,MGG_02781T0,1521950,1526963,5013
MGG_09733,MGG_09733T0,5363190,5364956,1766
MGG_06586,MGG_06586T0,3189362,3190855,1493
MGG_07900,MGG_07900T0,6192096,6192521,425
MGG_04305,MGG_04305T0,1233571,1234805,1234
MGG_17074,MGG_17074T0,1447518,1448216,698
MGG_03139,MGG_03139T0,2929201,2931857,2656
MGG_02485,MGG_02485T0,2034460,2036947,2487
MGG_14843,MGG_14843T0,4354632,4356353,1721
MGG_16008,MGG_16008T0,318179,318721,542
MGG_11062,MGG_11062T0,588600,591231,2631
MGG_05870,MGG_05870T0,1791784,1793078,1294
MGG_17153,MGG_17153T0,3158156,3160308,2152
MGG_06619,MGG_06619T0,3076616,3078235,1619
MGG_08818,MGG_08818T0,35662,36030,368
MGG_14763,MGG_14763T0,2068610,2071899,3289
MGG_10639,MGG_10639T0,6590991,6593616,2625
MGG_03904,MGG_03904T0,2641333,2642342,1009
MGG_07328,MGG_07328T0,7274585,7275666,1081
MGG_00583,MGG_00583T0,2413576,2417649,4073
MGG_02484,MGG_02484T0,2032332,2034150,1818
MGG_03827,MGG_03827T0,2909004,2910220,1216
MGG_16912,MGG_16912T0,5566120,5568057,1937
MGG_00085,MGG_00085T0,4174670,4177079,2409
MGG_17370,MGG_17370T0,1679137,1680836,1699
MGG_16764,MGG_16764T0,2713153,2714107,954
MGG_08441,MGG_08441T0,221590,222228,638
MGG_02526,MGG_02526T0,2206963,2211905,4942
MGG_02255,MGG_02255T0,1163990,1164634,644
MGG_05264,MGG_05264T0,5208867,5212400,3533
MGG_01104,MGG_01104T0,501837,503077,1240
MGG_15368,MGG_15368T0,532548,534668,2120
MGG_01684,MGG_01684T0,4452411,4454346,1935
MGG_09371,MGG_09371T0,3508733,3511046,2313
MGG_03965,MGG_03965T0,2408067,2408750,683
MGG_06393,MGG_06393T0,3898532,3902777,4245
MGG_00391,MGG_00391T0,3027552,3028638,1086
MGG_06672,MGG_06672T0,2338995,2341009,2014
MGG_03258,MGG_03258T0,2506208,2507492,1284
MGG_09299,MGG_09299T0,4139276,4143468,4192
MGG_08028,MGG_08028T0,535026,535760,734
MGG_02055,MGG_02055T0,412177,414468,2291
MGG_02105,MGG_02105T0,577571,579066,1495
MGG_03072,MGG_03072T0,390117,391033,916
MGG_17962,MGG_17962T0,1505722,1508336,2614
MGG_11119,MGG_11119T0,5161253,5165100,3847
MGG_15552,MGG_15552T0,1199806,1201038,1232
MGG_09214,MGG_09214T0,3788063,3792658,4595
MGG_01174,MGG_01174T0,2514649,2517009,2360
MGG_16516,MGG_16516T0,7187554,7188056,502
MGG_05168,MGG_05168T0,4821390,4823229,1839
MGG_04165,MGG_04165T0,1744905,1749743,4838
MGG_15059,MGG_15059T0,5813918,5814666,748
MGG_11443,MGG_11443T0,659792,663101,3309
MGG_11430,MGG_11430T0,441493,446282,4789
MGG_00880,MGG_00880T0,1283191,1285064,1873
MGG_06358,MGG_06358T0,4036389,4039637,3248
MGG_07560,MGG_07560T0,1020526,1021988,1462
MGG_01255,MGG_01255T0,2865137,2867181,2044
MGG_05676,MGG_05676T0,6086650,6088955,2305
MGG_17476,MGG_17476T0,3267108,3268073,965
MGG_05348,MGG_05348T0,4898229,4899939,1710
MGG_15594,MGG_15594T0,1855219,1855828,609
MGG_17576,MGG_17576T0,274273,274911,638
MGG_16044,MGG_16044T0,729253,730609,1356
MGG_09285,MGG_09285T0,4099175,4101460,2285
MGG_03224,MGG_03224T0,2633234,2634817,1583
MGG_15107,MGG_15107T0,8173944,8174733,789
MGG_10487,MGG_10487T0,403396,405208,1812
MGG_00871,MGG_00871T0,1309790,1313173,3383
MGG_09238,MGG_09238T0,3877972,3879780,1808
MGG_07065,MGG_07065T0,6242549,6246196,3647
MGG_06039,MGG_06039T0,2360922,2366321,5399
MGG_08355,MGG_08355T0,7728874,7729446,572
MGG_00936,MGG_00936T0,1067284,1067720,436
MGG_09811,MGG_09811T0,4037827,4040732,2905
MGG_01655,MGG_01655T0,4352882,4356877,3995
MGG_04484,MGG_04484T0,7339776,7341323,1547
MGG_16375,MGG_16375T0,5379917,5381255,1338
MGG_15504,MGG_15504T0,184209,184591,382
MGG_01974,MGG_01974T0,100817,102346,1529
MGG_17021,MGG_17021T0,337672,338099,427
MGG_16064,MGG_16064T0,972057,972842,785
MGG_05340,MGG_05340T0,4868695,4871350,2655
MGG_05763,MGG_05763T0,6442481,6443274,793
MGG_08239,MGG_08239T0,8152109,8153443,1334
MGG_07811,MGG_07811T0,5935996,5936502,506
MGG_17182,MGG_17182T0,3694962,3695271,309
MGG_17794,MGG_17794T0,3501400,3502344,944
MGG_02951,MGG_02951T0,880529,882234,1705
MGG_04361,MGG_04361T0,622645,624967,2322
MGG_03438,MGG_03438T0,1866045,1868367,2322
MGG_04804,MGG_04804T0,1464532,1467346,2814
MGG_10140,MGG_10140T0,784603,786094,1491
MGG_08770,MGG_08770T0,173052,174730,1678
MGG_04039,MGG_04039T0,2151759,2153043,1284
MGG_07899,MGG_07899T0,6188049,6188201,152
MGG_14988,MGG_14988T0,576642,579222,2580
MGG_15800,MGG_15800T0,5351936,5352991,1055
MGG_13764,MGG_13764T0,6753225,6755168,1943
MGG_07303,MGG_07303T0,7156955,7158160,1205
MGG_15067,MGG_15067T0,6056738,6059974,3236
MGG_09114,MGG_09114T0,224499,226464,1965
MGG_03325,MGG_03325T0,2251252,2252710,1458
MGG_03016,MGG_03016T0,637703,638850,1147
MGG_03196,MGG_03196T0,2741104,2745234,4130
MGG_01806,MGG_01806T0,4910533,4912211,1678
MGG_12994,MGG_12994T0,3507864,3508737,873
MGG_11877,MGG_11877T0,2393321,2394685,1364
MGG_10507,MGG_10507T0,4641662,4645021,3359
MGG_09022,MGG_09022T0,2680095,2681880,1785
MGG_02985,MGG_02985T0,756858,758759,1901
MGG_17045,MGG_17045T0,784371,784701,330
MGG_16015,MGG_16015T0,383220,384221,1001
MGG_07665,MGG_07665T0,1432400,1434155,1755
MGG_06470,MGG_06470T0,3618076,3621216,3140
MGG_05266,MGG_05266T0,5216529,5219268,2739
MGG_09895,MGG_09895T0,4253252,4255042,1790
MGG_05481,MGG_05481T0,5362941,5365112,2171
MGG_17691,MGG_17691T0,1977319,1977806,487
MGG_07853,MGG_07853T0,6031230,6033015,1785
MGG_12415,MGG_12415T0,7362507,7363402,895
MGG_03690,MGG_03690T0,1011724,1014573,2849
MGG_01240,MGG_01240T0,2805436,2808266,2830
MGG_17232,MGG_17232T0,4743458,4744611,1153
MGG_08469,MGG_08469T0,324510,325150,640
MGG_05327,MGG_05327T0,5419439,5420271,832
MGG_03109,MGG_03109T1,280988,285662,4674
MGG_03109,MGG_03109T0,280988,285662,4674
MGG_03633,MGG_03633T0,1186188,1190173,3985
MGG_08652,MGG_08652T0,7684774,7685757,983
MGG_07413,MGG_07413T0,533593,534129,536
MGG_16503,MGG_16503T0,6850247,6852068,1821
MGG_14203,MGG_14203T0,214817,216634,1817
MGG_05167,MGG_05167T0,4819682,4821214,1532
MGG_16635,MGG_16635T0,638676,639979,1303
MGG_17453,MGG_17453T0,2850343,2852550,2207
MGG_02100,MGG_02100T0,567851,568889,1038
MGG_11390,MGG_11390T0,875303,877224,1921
MGG_17176,MGG_17176T0,3443784,3444389,605
MGG_09571,MGG_09571T0,3228574,3231399,2825
MGG_08940,MGG_08940T0,2208707,2209579,872
MGG_06269,MGG_06269T0,4343969,4345524,1555
MGG_15031,MGG_15031T0,2274757,2275230,473
MGG_14348,MGG_14348T0,277450,280116,2666
MGG_00078,MGG_00078T0,4196789,4198637,1848
MGG_15698,MGG_15698T0,3553838,3554345,507
MGG_06204,MGG_06204T0,2935536,2938135,2599
MGG_02915,MGG_02915T0,1049362,1050982,1620
MGG_00660,MGG_00660T0,2099590,2104858,5268
MGG_01486,MGG_01486T0,3748524,3752834,4310
MGG_16798,MGG_16798T0,3484034,3484812,778
MGG_12536,MGG_12536T0,610313,612281,1968
MGG_09894,MGG_09894T0,4252174,4253090,916
MGG_15493,MGG_15493T0,28411,28873,462
MGG_14295,MGG_14295T0,6599921,6601344,1423
MGG_04534,MGG_04534T0,944459,949062,4603
MGG_17888,MGG_17888T0,631695,632654,959
MGG_09505,MGG_09505T0,3451692,3455332,3640
MGG_00348,MGG_00348T0,3170837,3173626,2789
MGG_10661,MGG_10661T0,4575855,4577290,1435
MGG_08681,MGG_08681T0,7782239,7783927,1688
MGG_07268,MGG_07268T0,7023506,7025914,2408
MGG_15425,MGG_15425T0,4006550,4007014,464
MGG_13245,MGG_13245T0,2088915,2090411,1496
MGG_10817,MGG_10817T0,7501426,7502943,1517
MGG_18020,MGG_18020T0,2276241,2276752,511
MGG_12899,MGG_12899T0,5155310,5159650,4340
MGG_17617,MGG_17617T0,933280,935531,2251
MGG_12491,MGG_12491T0,8154510,8155197,687
MGG_17097,MGG_17097T0,1980642,1982718,2076
MGG_04619,MGG_04619T0,1110949,1112693,1744
MGG_08730,MGG_08730T0,330399,333332,2933
MGG_04116,MGG_04116T0,1913589,1918743,5154
MGG_15402,MGG_15402T0,254577,258072,3495
MGG_14754,MGG_14754T0,1872782,1875372,2590
MGG_00909,MGG_00909T0,1169607,1173549,3942
MGG_09915,MGG_09915T0,4323164,4327669,4505
MGG_17539,MGG_17539T0,4164648,4167130,2482
MGG_17816,MGG_17816T0,3698828,3700695,1867
MGG_17765,MGG_17765T0,3187614,3188964,1350
MGG_07051,MGG_07051T0,6194654,6198059,3405
MGG_04237,MGG_04237T0,1462746,1464563,1817
MGG_01574,MGG_01574T0,4059032,4060980,1948
MGG_15937,MGG_15937T0,7756910,7757714,804
MGG_16093,MGG_16093T0,1354298,1355161,863
MGG_01941,MGG_01941T0,591408,593904,2496
MGG_14195,MGG_14195T0,775,1349,574
MGG_17397,MGG_17397T0,2081453,2083112,1659
MGG_09932,MGG_09932T0,4389625,4391964,2339
MGG_00171,MGG_00171T0,3872092,3874230,2138
MGG_04405,MGG_04405T0,7463785,7467534,3749
MGG_10469,MGG_10469T0,345531,348185,2654
MGG_16683,MGG_16683T0,1458991,1459453,462
MGG_08193,MGG_08193T0,6017506,6018707,1201
MGG_18026,MGG_18026T0,2338338,2338748,410
MGG_06460,MGG_06460T0,3659794,3661204,1410
MGG_02297,MGG_02297T0,1295285,1297464,2179
MGG_04953,MGG_04953T0,4056387,4056855,468
MGG_16205,MGG_16205T0,3167312,3167873,561
MGG_02395,MGG_02395T0,1682670,1689641,6971
MGG_05022,MGG_05022T0,4334952,4335979,1027
MGG_15334,MGG_15334T0,5279701,5284361,4660
MGG_06851,MGG_06851T0,2985924,2987698,1774
MGG_14129,MGG_14129T0,210413,211564,1151
MGG_04567,MGG_04567T0,985200,988355,3155
MGG_08998,MGG_08998T0,2412801,2413727,926
MGG_06668,MGG_06668T0,2325306,2327863,2557
MGG_04883,MGG_04883T0,3818835,3819865,1030
MGG_07984,MGG_07984T0,5322095,5322547,452
MGG_02625,MGG_02625T0,2155693,2156595,902
MGG_17831,MGG_17831T0,3851700,3852095,395
MGG_11148,MGG_11148T0,4725588,4727246,1658
MGG_04073,MGG_04073T0,2046546,2048641,2095
MGG_13063,MGG_13063T0,5229758,5231637,1879
MGG_08639,MGG_08639T0,7640437,7641837,1400
MGG_00077,MGG_00077T0,4200820,4202875,2055
MGG_02867,MGG_02867T0,1228046,1231276,3230
MGG_17215,MGG_17215T0,4539334,4541734,2400
MGG_09321,MGG_09321T0,3681128,3683177,2049
MGG_02610,MGG_02610T0,2208988,2210281,1293
MGG_11155,MGG_11155T0,4631516,4632073,557
MGG_14721,MGG_14721T0,4364965,4365479,514
MGG_08566,MGG_08566T0,683356,684501,1145
MGG_17550,MGG_17550T0,4383045,4383554,509
MGG_12396,MGG_12396T0,7160852,7163598,2746
MGG_00570,MGG_00570T0,2451649,2452918,1269
MGG_04457,MGG_04457T0,854414,855564,1150
MGG_03443,MGG_03443T0,1842140,1844960,2820
MGG_10496,MGG_10496T0,427034,428288,1254
MGG_01082,MGG_01082T0,570014,572733,2719
MGG_01082,MGG_01082T1,569942,573145,3203
MGG_10456,MGG_10456T0,300105,301248,1143
MGG_17210,MGG_17210T0,4509349,4512168,2819
MGG_16105,MGG_16105T1,1542566,1543130,564
MGG_16105,MGG_16105T0,1542566,1543130,564
MGG_07602,MGG_07602T0,1169030,1170388,1358
MGG_01028,MGG_01028T0,748887,750777,1890
MGG_11241,MGG_11241T0,2942800,2945655,2855
MGG_02911,MGG_02911T0,1062523,1064229,1706
MGG_04469,MGG_04469T0,7393608,7396541,2933
MGG_15678,MGG_15678T0,3243822,3244430,608
MGG_06529,MGG_06529T0,3393620,3397352,3732
MGG_06529,MGG_06529T1,3393620,3397352,3732
MGG_00982,MGG_00982T0,931261,934931,3670
MGG_00169,MGG_00169T0,3876648,3878460,1812
MGG_00534,MGG_00534T0,2570261,2572083,1822
MGG_04271,MGG_04271T0,1351608,1352152,544
MGG_11370,MGG_11370T0,1250200,1252443,2243
MGG_04118,MGG_04118T0,1890684,1897114,6430
MGG_06097,MGG_06097T0,2562841,2564432,1591
MGG_14813,MGG_14813T0,4549429,4552581,3152
MGG_17326,MGG_17326T0,769291,769546,255
MGG_18094,MGG_18094T0,3337362,3337744,382
MGG_00953,MGG_00953T0,1013641,1015411,1770
MGG_01557,MGG_01557T0,3999219,4000549,1330
MGG_07794,MGG_07794T0,5780314,5783282,2968
MGG_01866,MGG_01866T0,5150104,5151968,1864
MGG_02996,MGG_02996T0,704790,707193,2403
MGG_18050,MGG_18050T0,2810372,2810794,422
MGG_05303,MGG_05303T0,5331908,5335195,3287
MGG_07319,MGG_07319T0,7234591,7239106,4515
MGG_14886,MGG_14886T0,2002095,2004566,2471
MGG_00270,MGG_00270T0,3460222,3461563,1341
MGG_17719,MGG_17719T0,2394435,2395125,690
MGG_10008,MGG_10008T0,4968539,4969783,1244
MGG_05639,MGG_05639T0,5932907,5936450,3543
MGG_05639,MGG_05639T1,5932907,5935582,2675
MGG_11342,MGG_11342T0,1629600,1633380,3780
MGG_05956,MGG_05956T0,2109498,2111720,2222
MGG_04625,MGG_04625T0,7062563,7067846,5283
MGG_07887,MGG_07887T0,6155980,6158371,2391
MGG_13027,MGG_13027T0,4995776,4996201,425
MGG_09210,MGG_09210T0,3773875,3776608,2733
MGG_01530,MGG_01530T0,3909241,3911180,1939
MGG_02537,MGG_02537T0,2454555,2457820,3265
MGG_17854,MGG_17854T0,144245,145135,890
MGG_11454,MGG_11454T0,865212,869312,4100
MGG_10164,MGG_10164T0,1657279,1660299,3020
MGG_05109,MGG_05109T0,4625334,4626582,1248
MGG_17249,MGG_17249T0,5002848,5003285,437
MGG_17565,MGG_17565T0,99224,99661,437
MGG_03151,MGG_03151T0,2877926,2879660,1734
MGG_10572,MGG_10572T0,2850756,2852273,1517
MGG_09796,MGG_09796T0,4088228,4091060,2832
MGG_01980,MGG_01980T0,122580,123650,1070
MGG_10012,MGG_10012T0,4940241,4941683,1442
MGG_16997,MGG_16997T0,6486,10416,3930
MGG_09757,MGG_09757T0,5291171,5294305,3134
MGG_03379,MGG_03379T0,2086072,2088240,2168
MGG_15227,MGG_15227T0,2885469,2885976,507
MGG_10153,MGG_10153T0,1623996,1626828,2832
MGG_05734,MGG_05734T0,6322455,6324588,2133
MGG_03869,MGG_03869T0,2773056,2775570,2514
MGG_02632,MGG_02632T0,2117830,2120756,2926
MGG_02632,MGG_02632T1,2117830,2120756,2926
MGG_01504,MGG_01504T0,3846684,3848083,1399
MGG_03567,MGG_03567T0,1443711,1446323,2612
MGG_01157,MGG_01157T0,302608,309979,7371
MGG_06098,MGG_06098T0,2564525,2567333,2808
MGG_15526,MGG_15526T0,533184,533759,575
MGG_04941,MGG_04941T0,4022427,4023882,1455
MGG_03773,MGG_03773T0,3108303,3109682,1379
MGG_04573,MGG_04573T0,1012786,1013761,975
MGG_15049,MGG_15049T0,2676086,2678099,2013
MGG_02569,MGG_02569T0,2353063,2358537,5474
MGG_04838,MGG_04838T0,1546607,1550048,3441
MGG_03246,MGG_03246T0,2558708,2559828,1120
MGG_06134,MGG_06134T0,2680944,2683904,2960
MGG_15677,MGG_15677T0,3243675,3245041,1366
MGG_15081,MGG_15081T0,6563201,6566827,3626
MGG_08463,MGG_08463T0,301999,305681,3682
MGG_00703,MGG_00703T0,1927047,1928099,1052
MGG_14574,MGG_14574T0,1550106,1552965,2859
MGG_03118,MGG_03118T0,3016068,3019976,3908
MGG_01629,MGG_01629T0,4268514,4270323,1809
MGG_16979,MGG_16979T0,6471609,6472415,806
MGG_10773,MGG_10773T0,118516,119438,922
MGG_12974,MGG_12974T0,3792922,3793487,565
MGG_04145,MGG_04145T0,1806238,1810788,4550
MGG_03023,MGG_03023T0,622033,623564,1531
MGG_03448,MGG_03448T0,1821676,1823735,2059
MGG_15548,MGG_15548T0,1072060,1072505,445
MGG_09134,MGG_09134T0,77947,79107,1160
MGG_08741,MGG_08741T0,295797,297340,1543
MGG_01512,MGG_01512T0,3868131,3870563,2432
MGG_04520,MGG_04520T0,894342,897819,3477
MGG_17166,MGG_17166T0,3260786,3261917,1131
MGG_06848,MGG_06848T0,2972449,2976225,3776
MGG_05008,MGG_05008T0,4285272,4287103,1831
MGG_12471,MGG_12471T0,7907549,7909107,1558
MGG_18123,MGG_18123T0,306474,306626,152
MGG_03219,MGG_03219T0,2653446,2655861,2415
MGG_10486,MGG_10486T0,399744,402538,2794
MGG_04998,MGG_04998T0,4243419,4245114,1695
MGG_12930,MGG_12930T0,4778615,4779498,883
MGG_02813,MGG_02813T0,1415653,1417904,2251
MGG_07362,MGG_07362T0,7390366,7391225,859
MGG_15200,MGG_15200T0,585304,585953,649
MGG_06158,MGG_06158T0,2773571,2775745,2174
MGG_17803,MGG_17803T0,3607159,3608813,1654
MGG_07986,MGG_07986T0,5336329,5336670,341
MGG_00446,MGG_00446T0,2876940,2878100,1160
MGG_05016,MGG_05016T0,4323117,4323416,299
MGG_17677,MGG_17677T0,1776056,1778934,2878
MGG_17001,MGG_17001T0,34738,37417,2679
MGG_17506,MGG_17506T0,3724045,3724850,805
MGG_07724,MGG_07724T0,5533784,5536419,2635
MGG_07170,MGG_07170T0,6624188,6626430,2242
MGG_09848,MGG_09848T0,3896466,3897020,554
MGG_00395,MGG_00395T0,3014157,3016099,1942
MGG_17607,MGG_17607T0,789266,789863,597
MGG_05625,MGG_05625T0,5886170,5888599,2429
MGG_05625,MGG_05625T1,5886170,5888599,2429
MGG_06382,MGG_06382T0,3938397,3939785,1388
MGG_00175,MGG_00175T0,3861785,3864520,2735
MGG_16767,MGG_16767T0,2748779,2749120,341
MGG_15604,MGG_15604T0,2013890,2014296,406
MGG_02690,MGG_02690T0,1888655,1892453,3798
MGG_02947,MGG_02947T0,892488,894247,1759
MGG_12737,MGG_12737T0,2445375,2447951,2576
MGG_01495,MGG_01495T0,3775495,3776091,596
MGG_06703,MGG_06703T0,2459302,2460905,1603
MGG_07127,MGG_07127T0,6472230,6475998,3768
MGG_12814,MGG_12814T0,3444553,3447902,3349
MGG_01425,MGG_01425T0,3485698,3487830,2132
MGG_10313,MGG_10313T0,159076,159603,527
MGG_08485,MGG_08485T0,392446,392891,445
MGG_06442,MGG_06442T0,3718365,3721339,2974
MGG_09256,MGG_09256T0,3944222,3946412,2190
MGG_01403,MGG_01403T0,3411710,3412561,851
MGG_03982,MGG_03982T0,2335886,2338366,2480
MGG_08197,MGG_08197T0,6026994,6028449,1455
MGG_08056,MGG_08056T0,5550557,5553763,3206
MGG_01680,MGG_01680T0,4443537,4445418,1881
MGG_07197,MGG_07197T0,6719314,6722309,2995
MGG_03336,MGG_03336T0,2217426,2218353,927
MGG_09693,MGG_09693T0,5486249,5486633,384
MGG_08795,MGG_08795T0,95490,99351,3861
MGG_16530,MGG_16530T0,7477919,7478872,953
MGG_03102,MGG_03102T0,301376,307014,5638
MGG_05000,MGG_05000T0,4254174,4255560,1386
MGG_09749,MGG_09749T0,5318606,5320984,2378
MGG_15156,MGG_15156T0,5816160,5825034,8874
MGG_06337,MGG_06337T0,4108859,4113261,4402
MGG_01182,MGG_01182T0,2536286,2537682,1396
MGG_00878,MGG_00878T0,1288321,1289899,1578
MGG_13691,MGG_13691T0,340063,342518,2455
MGG_03279,MGG_03279T0,2413292,2416452,3160
MGG_15117,MGG_15117T0,4019590,4019993,403
MGG_11271,MGG_11271T0,2615929,2617364,1435
MGG_16048,MGG_16048T0,812677,812970,293
MGG_14896,MGG_14896T0,1422104,1422557,453
MGG_11467,MGG_11467T0,1114935,1116240,1305
MGG_00859,MGG_00859T0,1352892,1356244,3352
MGG_07676,MGG_07676T0,1484974,1485867,893
MGG_07312,MGG_07312T0,7198208,7203235,5027
MGG_14905,MGG_14905T0,1640351,1641572,1221
MGG_06660,MGG_06660T0,2310929,2312615,1686
MGG_02169,MGG_02169T0,783420,785072,1652
MGG_02635,MGG_02635T0,2109251,2110079,828
MGG_09732,MGG_09732T0,5367125,5369361,2236
MGG_01450,MGG_01450T0,3575592,3576665,1073
MGG_11888,MGG_11888T0,2141985,2147188,5203
MGG_04103,MGG_04103T0,1948637,1950230,1593
MGG_02067,MGG_02067T0,461169,462816,1647
MGG_04982,MGG_04982T0,4145822,4152523,6701
MGG_15983,MGG_15983T0,33716,34568,852
MGG_17345,MGG_17345T0,1190159,1190635,476
MGG_09217,MGG_09217T0,3805779,3807862,2083
MGG_08537,MGG_08537T1,562340,563603,1263
MGG_08537,MGG_08537T0,562162,563603,1441
MGG_03823,MGG_03823T0,2920878,2922508,1630
MGG_09907,MGG_09907T0,4297290,4300966,3676
MGG_09357,MGG_09357T0,3562963,3564466,1503
MGG_12880,MGG_12880T0,4467115,4470069,2954
MGG_10524,MGG_10524T0,4710879,4711818,939
MGG_17842,MGG_17842T1,4044526,4046372,1846
MGG_17842,MGG_17842T0,4044526,4046372,1846
MGG_17842,MGG_17842T2,4044526,4046372,1846
MGG_16110,MGG_16110T0,1605537,1605828,291
MGG_12350,MGG_12350T0,6445664,6447419,1755
MGG_17301,MGG_17301T0,102263,102511,248
MGG_10080,MGG_10080T0,4707904,4708647,743
MGG_00653,MGG_00653T0,2126054,2127200,1146
MGG_12798,MGG_12798T0,3300370,3302918,2548
MGG_03813,MGG_03813T0,2959226,2960726,1500
MGG_09898,MGG_09898T0,4261000,4269388,8388
MGG_16432,MGG_16432T0,5973701,5975883,2182
MGG_15847,MGG_15847T0,6246774,6247632,858
MGG_07433,MGG_07433T0,613862,615250,1388
MGG_06305,MGG_06305T0,4221802,4224740,2938
MGG_05292,MGG_05292T0,5306246,5307993,1747
MGG_05864,MGG_05864T0,1772224,1775094,2870
MGG_02584,MGG_02584T0,2295562,2296872,1310
MGG_04323,MGG_04323T0,1182482,1183970,1488
MGG_17640,MGG_17640T0,1262249,1263131,882
MGG_17722,MGG_17722T0,2494797,2499666,4869
MGG_09337,MGG_09337T0,3631540,3634246,2706
MGG_16904,MGG_16904T0,5363605,5368400,4795
MGG_07394,MGG_07394T0,427663,428863,1200
MGG_02434,MGG_02434T0,1842036,1843393,1357
MGG_07807,MGG_07807T0,5832499,5833152,653
MGG_06081,MGG_06081T1,2512633,2516656,4023
MGG_06081,MGG_06081T0,2514735,2516656,1921
MGG_14358,MGG_14358T0,7880754,7883625,2871
MGG_15996,MGG_15996T0,216035,216802,767
MGG_03697,MGG_03697T0,990895,992101,1206
MGG_17809,MGG_17809T0,3634131,3634634,503
MGG_12290,MGG_12290T0,5800799,5801787,988
MGG_07183,MGG_07183T0,6663532,6666293,2761
MGG_07488,MGG_07488T0,808339,810299,1960
MGG_00886,MGG_00886T0,1245012,1248266,3254
MGG_13677,MGG_13677T0,238687,240400,1713
MGG_04483,MGG_04483T0,7341454,7343960,2506
MGG_14658,MGG_14658T0,1538921,1541666,2745
MGG_15875,MGG_15875T0,6715284,6716183,899
MGG_02226,MGG_02226T0,1029004,1033197,4193
MGG_02447,MGG_02447T0,1905853,1911920,6067
MGG_04944,MGG_04944T0,4030130,4031767,1637
MGG_09920,MGG_09920T0,4343803,4347445,3642
MGG_07654,MGG_07654T0,1373481,1375298,1817
MGG_09226,MGG_09226T0,3827386,3829413,2027
MGG_04234,MGG_04234T0,1472758,1475083,2325
MGG_14833,MGG_14833T0,4704269,4705414,1145
MGG_03566,MGG_03566T0,1446873,1447426,553
MGG_07253,MGG_07253T0,6958519,6958977,458
MGG_02436,MGG_02436T0,1845168,1846130,962
MGG_17868,MGG_17868T0,255137,255529,392
MGG_03546,MGG_03546T0,1510782,1514274,3492
MGG_03899,MGG_03899T0,2658171,2663261,5090
MGG_13127,MGG_13127T0,5764790,5765741,951
MGG_16183,MGG_16183T0,2937122,2939989,2867
MGG_06271,MGG_06271T0,4340540,4343652,3112
MGG_09410,MGG_09410T0,3370575,3372270,1695
MGG_05184,MGG_05184T0,4882174,4884440,2266
MGG_16918,MGG_16918T0,5607457,5607907,450
MGG_01188,MGG_01188T0,2558760,2559768,1008
MGG_00359,MGG_00359T0,3132080,3133547,1467
MGG_16696,MGG_16696T0,1603155,1603868,713
MGG_12136,MGG_12136T0,2135662,2136977,1315
MGG_09399,MGG_09399T0,3408608,3409290,682
MGG_04078,MGG_04078T0,2033160,2036288,3128
MGG_07883,MGG_07883T0,6148028,6148978,950
MGG_14398,MGG_14398T0,8306182,8307078,896
MGG_06188,MGG_06188T0,2864708,2867751,3043
MGG_00505,MGG_00505T0,2658480,2660467,1987
MGG_04428,MGG_04428T0,766549,770242,3693
MGG_12102,MGG_12102T0,2571637,2573438,1801
MGG_07388,MGG_07388T0,413168,415715,2547
MGG_02089,MGG_02089T0,525098,527617,2519
MGG_17444,MGG_17444T0,2673731,2673958,227
MGG_04575,MGG_04575T0,1017875,1022546,4671
MGG_04677,MGG_04677T0,7004608,7006746,2138
MGG_08869,MGG_08869T0,1928025,1929974,1949
MGG_06141,MGG_06141T0,2710709,2712841,2132
MGG_17331,MGG_17331T0,892285,892530,245
MGG_09692,MGG_09692T0,5487111,5489749,2638
MGG_09026,MGG_09026T0,2659075,2662514,3439
MGG_05808,MGG_05808T0,3041950,3044321,2371
MGG_05680,MGG_05680T0,6097665,6099018,1353
MGG_01421,MGG_01421T0,3475207,3477980,2773
MGG_00712,MGG_00712T0,1903971,1905649,1678
MGG_17826,MGG_17826T0,3799239,3799471,232
MGG_05981,MGG_05981T0,2180644,2181515,871
MGG_04960,MGG_04960T0,4074826,4076337,1511
MGG_02811,MGG_02811T0,1421428,1423148,1720
MGG_05926,MGG_05926T0,1989951,1992089,2138
MGG_05433,MGG_05433T0,5205592,5207907,2315
MGG_16111,MGG_16111T0,1607177,1607687,510
MGG_17666,MGG_17666T0,1442181,1443537,1356
MGG_07003,MGG_07003T0,3545121,3550216,5095
MGG_01988,MGG_01988T0,153237,155718,2481
MGG_17668,MGG_17668T0,1499614,1502852,3238
MGG_09565,MGG_09565T0,3251746,3254587,2841
MGG_09259,MGG_09259T0,3958506,3965394,6888
MGG_01910,MGG_01910T0,669805,670679,874
MGG_06341,MGG_06341T0,4093965,4098857,4892
MGG_12644,MGG_12644T0,2148063,2154508,6445
MGG_16047,MGG_16047T0,806975,807997,1022
MGG_05749,MGG_05749T0,6382347,6383247,900
MGG_01376,MGG_01376T0,3304917,3309515,4598
MGG_01376,MGG_01376T1,3304917,3309917,5000
MGG_03232,MGG_03232T0,2610348,2614967,4619
MGG_10605,MGG_10605T0,6490239,6492448,2209
MGG_07636,MGG_07636T0,1287213,1290177,2964
MGG_08127,MGG_08127T0,5783029,5785220,2191
MGG_06075,MGG_06075T0,2496585,2497939,1354
MGG_06075,MGG_06075T1,2496585,2497939,1354
MGG_11716,MGG_11716T0,4433238,4434691,1453
MGG_15119,MGG_15119T0,4055504,4055986,482
MGG_03560,MGG_03560T0,1461613,1464690,3077
MGG_13584,MGG_13584T0,4653801,4656155,2354
MGG_17121,MGG_17121T0,2412259,2412684,425
MGG_08101,MGG_08101T0,5699692,5703535,3843
MGG_02366,MGG_02366T0,1557055,1561905,4850
MGG_06844,MGG_06844T0,2963350,2964478,1128
MGG_16399,MGG_16399T0,5569829,5570759,930
MGG_02393,MGG_02393T0,1675507,1677070,1563
MGG_03200,MGG_03200T0,2719006,2722573,3567
MGG_15021,MGG_15021T0,1931099,1932556,1457
MGG_11458,MGG_11458T0,902195,903739,1544
MGG_03306,MGG_03306T0,2326394,2327176,782
MGG_03621,MGG_03621T0,1224891,1226723,1832
MGG_16137,MGG_16137T0,2108270,2109345,1075
MGG_02696,MGG_02696T0,1849602,1851645,2043
MGG_13219,MGG_13219T0,2487258,2491883,4625
MGG_09602,MGG_09602T0,3261823,3265038,3215
MGG_00688,MGG_00688T0,1988987,1993319,4332
MGG_14620,MGG_14620T0,89224,93266,4042
MGG_15369,MGG_15369T0,520110,521479,1369
MGG_05280,MGG_05280T0,5253782,5257712,3930
MGG_16318,MGG_16318T0,4709822,4710807,985
MGG_15484,MGG_15484T0,8315114,8315564,450
MGG_01675,MGG_01675T0,4435248,4436969,1721
MGG_00632,MGG_00632T0,2189584,2192671,3087
MGG_14904,MGG_14904T0,1638330,1639960,1630
MGG_07973,MGG_07973T0,6429955,6430752,797
MGG_17050,MGG_17050T0,914965,915455,490
MGG_03939,MGG_03939T0,2505095,2508945,3850
MGG_00482,MGG_00482T0,2750626,2751680,1054
MGG_03662,MGG_03662T0,1099393,1101789,2396
MGG_08574,MGG_08574T0,724993,727509,2516
MGG_17776,MGG_17776T0,3254829,3256061,1232
MGG_01146,MGG_01146T0,342012,343120,1108
MGG_05035,MGG_05035T0,4369807,4371859,2052
MGG_08386,MGG_08386T0,7610820,7612124,1304
MGG_17805,MGG_17805T0,3621127,3621529,402
MGG_03488,MGG_03488T0,1706609,1708793,2184
MGG_17261,MGG_17261T0,5164855,5165317,462
MGG_13796,MGG_13796T0,7124438,7125460,1022
MGG_12819,MGG_12819T0,3501259,3505049,3790
MGG_08636,MGG_08636T0,7629564,7632959,3395
MGG_09927,MGG_09927T0,4369133,4371177,2044
MGG_05810,MGG_05810T0,3048079,3050765,2686
MGG_07607,MGG_07607T0,1193096,1193999,903
MGG_09011,MGG_09011T0,2710860,2712839,1979
MGG_10780,MGG_10780T0,181829,182272,443
MGG_09252,MGG_09252T0,3933504,3934073,569
MGG_06298,MGG_06298T0,4252336,4254087,1751
MGG_11166,MGG_11166T0,4478427,4478753,326
MGG_03973,MGG_03973T0,2360767,2362844,2077
MGG_15859,MGG_15859T0,6487784,6488072,288
MGG_16913,MGG_16913T0,5584194,5584576,382
MGG_12918,MGG_12918T0,4935588,4938121,2533
MGG_16031,MGG_16031T0,502813,503213,400
MGG_06849,MGG_06849T0,2976723,2978691,1968
MGG_10689,MGG_10689T0,37577,39547,1970
MGG_17155,MGG_17155T0,3162347,3162887,540
MGG_09950,MGG_09950T0,4470166,4474370,4204
MGG_07714,MGG_07714T0,5503822,5507284,3462
MGG_08295,MGG_08295T0,7974071,7977471,3400
MGG_13774,MGG_13774T0,6897228,6898247,1019
MGG_00099,MGG_00099T0,4144256,4146170,1914
MGG_06440,MGG_06440T0,3725195,3728876,3681
MGG_02524,MGG_02524T0,2203093,2204391,1298
MGG_16289,MGG_16289T0,4277982,4278481,499
MGG_09556,MGG_09556T0,3287083,3288436,1353
MGG_06524,MGG_06524T0,3418857,3423428,4571
MGG_13514,MGG_13514T0,1295401,1297639,2238
MGG_17248,MGG_17248T0,4998394,4998781,387
MGG_04049,MGG_04049T0,2123533,2125670,2137
MGG_09219,MGG_09219T0,3809186,3810970,1784
MGG_07759,MGG_07759T0,5656836,5657273,437
MGG_12671,MGG_12671T0,2447952,2449265,1313
MGG_01628,MGG_01628T0,4264884,4266753,1869
MGG_12989,MGG_12989T0,3558770,3560463,1693
MGG_09064,MGG_09064T0,11725,12497,772
MGG_00397,MGG_00397T0,3010714,3012797,2083
MGG_16886,MGG_16886T0,5022696,5024571,1875
MGG_12632,MGG_12632T0,2022199,2023965,1766
MGG_02168,MGG_02168T0,781902,783499,1597
MGG_01299,MGG_01299T0,3022354,3031278,8924
MGG_01189,MGG_01189T0,2561636,2563219,1583
MGG_01068,MGG_01068T0,625951,630579,4628
MGG_18052,MGG_18052T0,2812939,2813453,514
MGG_10086,MGG_10086T0,521158,521544,386
MGG_06348,MGG_06348T0,4073811,4074928,1117
MGG_09548,MGG_09548T0,3315000,3315671,671
MGG_04052,MGG_04052T0,2114902,2118140,3238
MGG_16534,MGG_16534T0,7511533,7513295,1762
MGG_00265,MGG_00265T0,3477729,3479370,1641
MGG_03186,MGG_03186T0,2775851,2779282,3431
MGG_03193,MGG_03193T0,2754990,2756429,1439
MGG_13508,MGG_13508T0,1270013,1273113,3100
MGG_08766,MGG_08766T0,194185,195547,1362
MGG_17101,MGG_17101T0,2105994,2106489,495
MGG_12750,MGG_12750T0,2672256,2677894,5638
MGG_13471,MGG_13471T0,886339,889423,3084
MGG_06937,MGG_06937T0,3315805,3318192,2387
MGG_18022,MGG_18022T0,2308997,2309685,688
MGG_16517,MGG_16517T0,7214473,7215452,979
MGG_11003,MGG_11003T0,54104,54458,354
MGG_12317,MGG_12317T0,6076297,6077314,1017
MGG_01925,MGG_01925T0,632907,636815,3908
MGG_00242,MGG_00242T0,3547028,3548056,1028
MGG_04595,MGG_04595T0,7130476,7131483,1007
MGG_04595,MGG_04595T1,7130476,7131483,1007
MGG_11897,MGG_11897T0,2019747,2020576,829
MGG_09783,MGG_09783T0,5194551,5195853,1302
MGG_06199,MGG_06199T0,2915714,2918052,2338
MGG_05995,MGG_05995T0,2227164,2228390,1226
MGG_07218,MGG_07218T0,6825509,6827785,2276
MGG_02337,MGG_02337T0,1449882,1451446,1564
MGG_05085,MGG_05085T0,4555268,4558470,3202
MGG_05480,MGG_05480T0,5360500,5362470,1970
MGG_17410,MGG_17410T0,2261193,2262237,1044
MGG_06522,MGG_06522T0,3424404,3426606,2202
MGG_05001,MGG_05001T0,4256226,4258028,1802
MGG_08817,MGG_08817T0,36374,37255,881
MGG_07929,MGG_07929T0,6277642,6278438,796
MGG_01291,MGG_01291T0,2996460,2999557,3097
MGG_03332,MGG_03332T0,2232204,2235043,2839
MGG_12721,MGG_12721T0,2223076,2226747,3671
MGG_17402,MGG_17402T0,2160182,2161285,1103
MGG_05119,MGG_05119T0,4660868,4661611,743
MGG_17644,MGG_17644T0,1271153,1273135,1982
MGG_07574,MGG_07574T0,1084118,1084990,872
MGG_02406,MGG_02406T0,1738647,1741244,2597
MGG_01651,MGG_01651T0,4340355,4341310,955
MGG_09612,MGG_09612T0,3229064,3231197,2133
MGG_16858,MGG_16858T0,4520962,4522216,1254
MGG_15641,MGG_15641T0,2670362,2670766,404
MGG_16564,MGG_16564T0,7891237,7891569,332
MGG_01886,MGG_01886T0,5213191,5214223,1032
MGG_11267,MGG_11267T0,2633934,2637063,3129
MGG_12937,MGG_12937T0,4679300,4679825,525
MGG_08527,MGG_08527T0,523000,524587,1587
MGG_05192,MGG_05192T0,4905917,4906258,341
MGG_01281,MGG_01281T0,2955731,2957543,1812
MGG_04028,MGG_04028T0,2186100,2186481,381
MGG_14637,MGG_14637T0,540161,542325,2164
MGG_10556,MGG_10556T0,2917241,2917598,357
MGG_02411,MGG_02411T0,1755475,1757099,1624
MGG_05371,MGG_05371T0,4984242,4987492,3250
MGG_07966,MGG_07966T0,6408848,6410990,2142
MGG_04296,MGG_04296T0,1258423,1259549,1126
MGG_16039,MGG_16039T0,683272,684295,1023
MGG_09244,MGG_09244T0,3899433,3902956,3523
MGG_06757,MGG_06757T0,2616447,2617584,1137
MGG_13334,MGG_13334T0,148107,150732,2625
MGG_02783,MGG_02783T0,1516237,1518682,2445
MGG_05300,MGG_05300T0,5324246,5326779,2533
MGG_08062,MGG_08062T0,5568105,5569602,1497
MGG_04477,MGG_04477T0,7366536,7371235,4699
MGG_11004,MGG_11004T0,60324,60992,668
MGG_16545,MGG_16545T0,7741987,7742367,380
MGG_00222,MGG_00222T0,3610127,3612851,2724
MGG_16244,MGG_16244T0,3749985,3751732,1747
MGG_03098,MGG_03098T0,317562,318679,1117
MGG_05153,MGG_05153T0,4773321,4777920,4599
MGG_09322,MGG_09322T0,3678880,3681549,2669
MGG_15538,MGG_15538T0,754205,755127,922
MGG_10205,MGG_10205T0,179701,181788,2087
MGG_17303,MGG_17303T0,112950,113333,383
MGG_06407,MGG_06407T0,3844228,3845238,1010
MGG_15764,MGG_15764T0,4784826,4786126,1300
MGG_07471,MGG_07471T0,753421,754859,1438
MGG_17114,MGG_17114T0,2221849,2222220,371
MGG_06908,MGG_06908T0,3215972,3218321,2349
MGG_08736,MGG_08736T0,309445,311398,1953
MGG_01287,MGG_01287T0,2973802,2976721,2919
MGG_04085,MGG_04085T0,2017118,2019567,2449
MGG_01237,MGG_01237T0,2794283,2797694,3411
MGG_05199,MGG_05199T0,4929193,4932081,2888
MGG_01676,MGG_01676T0,4435998,4437674,1676
MGG_02779,MGG_02779T0,1531538,1535912,4374
MGG_07852,MGG_07852T0,6030225,6030848,623
MGG_01585,MGG_01585T0,4097210,4098307,1097
MGG_16120,MGG_16120T0,1734771,1735488,717
MGG_08442,MGG_08442T0,222885,223409,524
MGG_16687,MGG_16687T0,1494011,1494382,371
MGG_12441,MGG_12441T0,7555937,7557941,2004
MGG_09196,MGG_09196T0,3699392,3701130,1738
MGG_03288,MGG_03288T0,2384509,2386990,2481
MGG_17022,MGG_17022T0,364339,364910,571
MGG_10237,MGG_10237T0,355378,356151,773
MGG_15520,MGG_15520T0,350134,352642,2508
MGG_14219,MGG_14219T0,95147,98810,3663
MGG_09254,MGG_09254T0,3935308,3936980,1672
MGG_10503,MGG_10503T0,4631066,4632969,1903
MGG_14687,MGG_14687T0,2935108,2935562,454
MGG_07974,MGG_07974T0,6430927,6432795,1868
MGG_04089,MGG_04089T0,2008301,2010360,2059
MGG_11387,MGG_11387T0,897689,902472,4783
MGG_10392,MGG_10392T0,923633,925312,1679
MGG_02942,MGG_02942T0,918178,920714,2536
MGG_16793,MGG_16793T0,3316924,3319162,2238
MGG_15841,MGG_15841T0,6174252,6174915,663
MGG_15423,MGG_15423T0,3969601,3971904,2303
MGG_10515,MGG_10515T0,4681358,4682826,1468
MGG_11785,MGG_11785T0,3484366,3485823,1457
MGG_00742,MGG_00742T1,1798115,1799748,1633
MGG_00742,MGG_00742T0,1798115,1799748,1633
MGG_09205,MGG_09205T0,3737760,3740821,3061
MGG_00819,MGG_00819T0,1501779,1506501,4722
MGG_08597,MGG_08597T0,810981,813172,2191
MGG_05376,MGG_05376T0,4996467,5001050,4583
MGG_12630,MGG_12630T0,2012542,2015340,2798
MGG_01813,MGG_01813T0,4930749,4935418,4669
MGG_10203,MGG_10203T0,1755413,1756963,1550
MGG_15196,MGG_15196T0,503525,504774,1249
MGG_14803,MGG_14803T0,4269706,4271238,1532
MGG_17788,MGG_17788T0,3390871,3391537,666
MGG_09781,MGG_09781T0,5199878,5201220,1342
MGG_01591,MGG_01591T0,4114449,4116908,2459
MGG_16936,MGG_16936T0,5890399,5891492,1093
MGG_11574,MGG_11574T0,2800792,2802199,1407
MGG_03377,MGG_03377T0,2093534,2095007,1473
MGG_12130,MGG_12130T0,2209827,2214923,5096
MGG_12130,MGG_12130T1,2209827,2213510,3683
MGG_02049,MGG_02049T0,384779,387021,2242
MGG_05173,MGG_05173T0,4839271,4840328,1057
MGG_05804,MGG_05804T0,3029374,3032682,3308
MGG_14708,MGG_14708T0,3620035,3620448,413
MGG_03504,MGG_03504T0,1664815,1666590,1775
MGG_07856,MGG_07856T0,6038126,6040320,2194
MGG_07023,MGG_07023T0,6128104,6129515,1411
MGG_01175,MGG_01175T0,2517297,2521796,4499
MGG_03602,MGG_03602T0,1309147,1311120,1973
MGG_07624,MGG_07624T0,1248222,1248857,635
MGG_17391,MGG_17391T0,1907905,1908791,886
MGG_06727,MGG_06727T0,2523204,2524407,1203
MGG_14996,MGG_14996T0,866970,867617,647
MGG_08454,MGG_08454T0,262652,264489,1837
MGG_15646,MGG_15646T0,2732837,2733307,470
MGG_06147,MGG_06147T0,2736939,2739957,3018
MGG_04366,MGG_04366T0,637438,642835,5397
MGG_11599,MGG_11599T0,3281324,3284088,2764
MGG_07467,MGG_07467T0,740603,742799,2196
MGG_12496,MGG_12496T0,8177788,8179591,1803
MGG_01562,MGG_01562T0,4014299,4015895,1596
MGG_14971,MGG_14971T0,3298113,3302474,4361
MGG_16827,MGG_16827T0,3986642,3987270,628
MGG_07747,MGG_07747T0,5615836,5616579,743
MGG_04647,MGG_04647T0,1128015,1129951,1936
MGG_02296,MGG_02296T0,1293148,1293718,570
MGG_10097,MGG_10097T0,4675371,4675951,580
MGG_01383,MGG_01383T0,3344300,3346196,1896
MGG_09427,MGG_09427T0,3320669,3322465,1796
MGG_01202,MGG_01202T0,2628646,2631394,2748
MGG_00573,MGG_00573T0,2443413,2444495,1082
MGG_14800,MGG_14800T0,4156283,4158504,2221
MGG_16408,MGG_16408T0,5674230,5676091,1861
MGG_05715,MGG_05715T0,6221503,6225524,4021
MGG_02550,MGG_02550T0,2404160,2405547,1387
MGG_04697,MGG_04697T0,1259142,1260759,1617
MGG_16130,MGG_16130T0,2021129,2021652,523
MGG_15783,MGG_15783T0,5116031,5117537,1506
MGG_16182,MGG_16182T0,2897750,2898300,550
MGG_06197,MGG_06197T0,2899704,2903293,3589
MGG_14145,MGG_14145T0,106938,108803,1865
MGG_10698,MGG_10698T0,3784595,3787022,2427
MGG_03380,MGG_03380T0,2082930,2083778,848
MGG_07199,MGG_07199T0,6727067,6729983,2916
MGG_06366,MGG_06366T0,3999493,4000667,1174
MGG_05440,MGG_05440T0,5220592,5222580,1988
MGG_03958,MGG_03958T0,2431543,2433717,2174
MGG_16712,MGG_16712T0,1895873,1897910,2037
MGG_01041,MGG_01041T0,707748,709867,2119
MGG_00864,MGG_00864T0,1338752,1341122,2370
MGG_17909,MGG_17909T0,859963,861699,1736
MGG_02270,MGG_02270T0,1214875,1215537,662
MGG_00830,MGG_00830T0,1472816,1475280,2464
MGG_14693,MGG_14693T0,3075800,3077578,1778
MGG_01163,MGG_01163T0,2459888,2462277,2389
MGG_06144,MGG_06144T0,2722573,2723100,527
MGG_07691,MGG_07691T0,1537464,1539367,1903
MGG_02413,MGG_02413T0,1758269,1760528,2259
MGG_01819,MGG_01819T0,4966717,4970293,3576
MGG_11773,MGG_11773T0,3614051,3617294,3243
MGG_09071,MGG_09071T0,44828,47054,2226
MGG_04203,MGG_04203T0,1603654,1606358,2704
MGG_05124,MGG_05124T0,4672978,4674445,1467
MGG_14669,MGG_14669T0,2299866,2300962,1096
MGG_15510,MGG_15510T0,213855,214351,496
MGG_14940,MGG_14940T0,2751303,2752589,1286
MGG_02084,MGG_02084T0,513639,515018,1379
MGG_11475,MGG_11475T0,1262097,1266023,3926
MGG_17227,MGG_17227T0,4660659,4661084,425
MGG_06772,MGG_06772T0,2681724,2682676,952
MGG_01842,MGG_01842T0,5064518,5066536,2018
MGG_17134,MGG_17134T0,2792022,2794072,2050
MGG_10969,MGG_10969T1,280488,283128,2640
MGG_10969,MGG_10969T0,280488,283128,2640
MGG_03605,MGG_03605T0,1297902,1299131,1229
MGG_06112,MGG_06112T0,2613165,2615397,2232
MGG_00542,MGG_00542T0,2522486,2524138,1652
MGG_17562,MGG_17562T0,30817,31417,600
MGG_12548,MGG_12548T0,745635,747514,1879
MGG_00354,MGG_00354T0,3146822,3152273,5451
MGG_04382,MGG_04382T0,699370,700002,632
MGG_17652,MGG_17652T0,1321498,1323351,1853
MGG_13654,MGG_13654T0,5426962,5428011,1049
MGG_13655,MGG_13655T0,5428321,5430852,2531
MGG_04538,MGG_04538T0,965590,967461,1871
MGG_03307,MGG_03307T0,2322795,2324121,1326
MGG_13767,MGG_13767T0,6771787,6779938,8151
MGG_09582,MGG_09582T0,3329109,3329894,785
MGG_13138,MGG_13138T0,5878458,5879594,1136
MGG_09948,MGG_09948T0,4450923,4452468,1545
MGG_05202,MGG_05202T0,4945162,4947753,2591
MGG_16390,MGG_16390T0,5506737,5508511,1774
MGG_17344,MGG_17344T0,1187548,1188081,533
MGG_17323,MGG_17323T0,713537,714715,1178
MGG_04958,MGG_04958T0,4070462,4072928,2466
MGG_04579,MGG_04579T0,7165240,7165782,542
MGG_15048,MGG_15048T0,2674519,2675592,1073
MGG_03505,MGG_03505T0,1663148,1663871,723
MGG_00985,MGG_00985T0,921519,923163,1644
MGG_03458,MGG_03458T0,1796462,1798509,2047
MGG_15684,MGG_15684T0,3310449,3311130,681
MGG_14154,MGG_14154T0,4101976,4103566,1590
MGG_12497,MGG_12497T0,8179926,8181685,1759
MGG_18077,MGG_18077T0,3077499,3077846,347
MGG_17828,MGG_17828T0,3818491,3820322,1831
MGG_01470,MGG_01470T0,3681010,3682634,1624
MGG_01059,MGG_01059T0,647821,649575,1754
MGG_16521,MGG_16521T0,7315547,7317209,1662
MGG_03281,MGG_03281T0,2408655,2410414,1759
MGG_03281,MGG_03281T1,2408709,2410151,1442
MGG_04298,MGG_04298T0,1253334,1255089,1755
MGG_17148,MGG_17148T0,3063138,3063570,432
MGG_03207,MGG_03207T0,2690832,2692701,1869
MGG_05765,MGG_05765T0,6445443,6446411,968
MGG_01102,MGG_01102T0,506823,508761,1938
MGG_00672,MGG_00672T0,2063076,2066345,3269
MGG_04369,MGG_04369T0,653626,655356,1730
MGG_01597,MGG_01597T0,4133570,4138638,5068
MGG_08047,MGG_08047T0,5524980,5526865,1885
MGG_13857,MGG_13857T0,5888527,5888835,308
MGG_09272,MGG_09272T0,4041251,4045249,3998
MGG_08816,MGG_08816T0,39144,40128,984
MGG_03015,MGG_03015T0,639614,641696,2082
MGG_09374,MGG_09374T0,3499108,3500037,929
MGG_09036,MGG_09036T0,2626525,2627927,1402
MGG_03858,MGG_03858T0,2807452,2809687,2235
MGG_16895,MGG_16895T0,5118142,5121254,3112
MGG_04004,MGG_04004T0,2263077,2266124,3047
MGG_17646,MGG_17646T0,1299790,1301251,1461
MGG_15723,MGG_15723T0,3870732,3873482,2750
MGG_05148,MGG_05148T0,4753344,4755443,2099
MGG_07817,MGG_07817T0,5861490,5863746,2256
MGG_05533,MGG_05533T0,5527657,5529044,1387
MGG_15676,MGG_15676T0,3202651,3205548,2897
MGG_04876,MGG_04876T0,3798633,3800001,1368
MGG_16807,MGG_16807T0,3603744,3604936,1192
MGG_09179,MGG_09179T0,3640037,3642508,2471
MGG_07620,MGG_07620T0,1239777,1242290,2513
MGG_14091,MGG_14091T0,209198,209551,353
MGG_17806,MGG_17806T0,3622890,3623415,525
MGG_16693,MGG_16693T0,1569003,1569389,386
MGG_15445,MGG_15445T0,114603,115165,562
MGG_00363,MGG_00363T0,3120398,3125210,4812
MGG_03555,MGG_03555T0,1480866,1483339,2473
MGG_11494,MGG_11494T0,1646860,1649414,2554
MGG_08705,MGG_08705T0,400787,402674,1887
MGG_07124,MGG_07124T0,6465685,6467162,1477
MGG_02935,MGG_02935T0,953338,955626,2288
MGG_07194,MGG_07194T0,6709592,6710604,1012
MGG_15411,MGG_15411T0,20475,22185,1710
MGG_09576,MGG_09576T0,3220436,3221725,1289
MGG_03068,MGG_03068T0,401916,404471,2555
MGG_03068,MGG_03068T1,401916,403528,1612
MGG_16067,MGG_16067T0,1000641,1001103,462
MGG_09007,MGG_09007T0,2721470,2723148,1678
MGG_08140,MGG_08140T0,5830587,5833652,3065
MGG_06317,MGG_06317T0,4184326,4190329,6003
MGG_05532,MGG_05532T0,5525782,5527209,1427
MGG_12858,MGG_12858T0,4152880,4154307,1427
MGG_17569,MGG_17569T0,166869,167384,515
MGG_09003,MGG_09003T0,2728571,2730782,2211
MGG_06386,MGG_06386T0,3931456,3932712,1256
MGG_05020,MGG_05020T0,4331328,4332699,1371
MGG_07515,MGG_07515T0,891251,892550,1299
MGG_17136,MGG_17136T0,2796132,2796488,356
MGG_03299,MGG_03299T0,2346420,2348778,2358
MGG_17231,MGG_17231T0,4722919,4723869,950
MGG_02451,MGG_02451T0,1920204,1921492,1288
MGG_15931,MGG_15931T0,7679545,7680096,551
MGG_03393,MGG_03393T0,2040719,2043277,2558
MGG_13346,MGG_13346T0,222839,224016,1177
MGG_06555,MGG_06555T0,3309249,3311283,2034
MGG_08610,MGG_08610T0,7567213,7567875,662
MGG_12181,MGG_12181T0,1507942,1508115,173
MGG_06744,MGG_06744T0,2583498,2584567,1069
MGG_10510,MGG_10510T0,4650914,4653004,2090
MGG_13957,MGG_13957T0,334030,335424,1394
MGG_16520,MGG_16520T0,7262858,7264629,1771
MGG_10145,MGG_10145T0,774976,775709,733
MGG_14870,MGG_14870T0,2583450,2589031,5581
MGG_05999,MGG_05999T0,2245216,2246064,848
MGG_17512,MGG_17512T0,3794267,3794546,279
MGG_03726,MGG_03726T0,902723,904891,2168
MGG_07969,MGG_07969T0,6420183,6420552,369
MGG_00023,MGG_00023T0,4397287,4399096,1809
MGG_16086,MGG_16086T0,1289482,1289710,228
MGG_03885,MGG_03885T0,2713276,2714995,1719
MGG_06550,MGG_06550T0,3320715,3324239,3524
MGG_06550,MGG_06550T1,3321372,3324239,2867
MGG_01677,MGG_01677T0,4437799,4441366,3567
MGG_15491,MGG_15491T0,17702,18608,906
MGG_08043,MGG_08043T0,5512673,5515390,2717
MGG_16484,MGG_16484T0,6655279,6655979,700
MGG_03363,MGG_03363T0,2130119,2131926,1807
MGG_16527,MGG_16527T0,7443346,7444187,841
MGG_15715,MGG_15715T0,3809838,3810300,462
MGG_00128,MGG_00128T0,4041045,4044071,3026
MGG_03329,MGG_03329T0,2239264,2240444,1180
MGG_14082,MGG_14082T0,294477,294751,274
MGG_17179,MGG_17179T0,3568686,3569199,513
MGG_14465,MGG_14465T0,1948879,1951140,2261
MGG_04389,MGG_04389T0,720443,722147,1704
MGG_16435,MGG_16435T0,6011806,6012223,417
MGG_15120,MGG_15120T0,4320117,4320701,584
MGG_03672,MGG_03672T0,1063363,1066254,2891
MGG_16228,MGG_16228T1,3415875,3417614,1739
MGG_16228,MGG_16228T0,3415743,3417614,1871
MGG_06920,MGG_06920T0,3254400,3258398,3998
MGG_04740,MGG_04740T0,1350708,1352100,1392
MGG_07361,MGG_07361T0,7386221,7388093,1872
MGG_09723,MGG_09723T0,5384791,5385591,800
MGG_11486,MGG_11486T0,1466127,1468691,2564
MGG_17686,MGG_17686T0,1946279,1946630,351
MGG_04413,MGG_04413T0,744018,746300,2282
MGG_04413,MGG_04413T1,743681,746646,2965
MGG_16426,MGG_16426T0,5894704,5895493,789
MGG_04716,MGG_04716T0,6876962,6878261,1299
MGG_15830,MGG_15830T0,5918037,5921694,3657
MGG_05147,MGG_05147T0,4751353,4753991,2638
MGG_00103,MGG_00103T0,4136501,4138015,1514
MGG_03446,MGG_03446T0,1828770,1832655,3885
MGG_06444,MGG_06444T0,3714804,3716416,1612
MGG_06427,MGG_06427T0,3774806,3775611,805
MGG_15726,MGG_15726T0,3886702,3886894,192
MGG_13498,MGG_13498T0,1238493,1244465,5972
MGG_04499,MGG_04499T0,7297919,7299567,1648
MGG_10528,MGG_10528T0,4743458,4747869,4411
MGG_06985,MGG_06985T0,3474163,3476416,2253
MGG_03308,MGG_03308T0,2320296,2321205,909
MGG_11913,MGG_11913T0,1802460,1805309,2849
MGG_11737,MGG_11737T0,4077332,4079023,1691
MGG_04871,MGG_04871T1,3785470,3787569,2099
MGG_04871,MGG_04871T0,3785646,3787403,1757
MGG_13552,MGG_13552T0,1826590,1829129,2539
MGG_01273,MGG_01273T0,2917975,2919544,1569
MGG_02993,MGG_02993T0,721371,723203,1832
MGG_03831,MGG_03831T0,2899402,2901376,1974
MGG_15451,MGG_15451T0,222545,225315,2770
MGG_13101,MGG_13101T0,5477441,5478515,1074
MGG_04825,MGG_04825T0,1498906,1502381,3475
MGG_09218,MGG_09218T0,3807611,3809006,1395
MGG_12911,MGG_12911T0,5031200,5032698,1498
MGG_17634,MGG_17634T0,1206584,1209850,3266
MGG_11129,MGG_11129T0,4997872,5002212,4340
MGG_04184,MGG_04184T0,1678229,1679490,1261
MGG_09417,MGG_09417T0,3349852,3350353,501
MGG_00932,MGG_00932T0,1077896,1079575,1679
MGG_16594,MGG_16594T0,232333,232561,228
MGG_17845,MGG_17845T1,4125254,4126373,1119
MGG_17845,MGG_17845T0,4125254,4126373,1119
MGG_14871,MGG_14871T0,2505236,2506100,864
MGG_01828,MGG_01828T0,5005499,5008049,2550
MGG_15096,MGG_15096T0,7607293,7607948,655
MGG_05308,MGG_05308T0,5352691,5353859,1168
MGG_07426,MGG_07426T0,588369,588956,587
MGG_11903,MGG_11903T0,1935797,1938196,2399
MGG_04913,MGG_04913T0,3936748,3937898,1150
MGG_05977,MGG_05977T0,2172201,2173853,1652
MGG_04863,MGG_04863T0,3761117,3765917,4800
MGG_01541,MGG_01541T0,3951488,3956529,5041
MGG_16528,MGG_16528T0,7445413,7446418,1005
MGG_17218,MGG_17218T0,4556507,4557582,1075
MGG_02082,MGG_02082T0,508618,510148,1530
MGG_06357,MGG_06357T0,4043572,4044876,1304
MGG_01418,MGG_01418T0,3461271,3462694,1423
MGG_02946,MGG_02946T0,895400,897080,1680
MGG_05650,MGG_05650T0,5978132,5981022,2890
MGG_16689,MGG_16689T0,1515808,1516415,607
MGG_07720,MGG_07720T0,5521836,5524508,2672
MGG_03484,MGG_03484T0,1720727,1722070,1343
MGG_04430,MGG_04430T0,776546,779839,3293
MGG_00992,MGG_00992T0,895744,897780,2036
MGG_16772,MGG_16772T0,2869803,2870717,914
MGG_00628,MGG_00628T0,2222885,2223946,1061
MGG_07049,MGG_07049T0,6192773,6194447,1674
MGG_00470,MGG_00470T0,2781843,2784712,2869
MGG_14374,MGG_14374T0,531114,531972,858
MGG_05282,MGG_05282T0,5265049,5266225,1176
MGG_05366,MGG_05366T0,4965481,4968320,2839
MGG_04533,MGG_04533T0,940749,944464,3715
MGG_12696,MGG_12696T0,2667394,2668468,1074
MGG_12515,MGG_12515T0,292353,297277,4924
MGG_15894,MGG_15894T0,7085980,7086362,382
MGG_11870,MGG_11870T0,2480918,2483879,2961
MGG_10104,MGG_10104T0,4631501,4634388,2887
MGG_15777,MGG_15777T0,4970206,4971756,1550
MGG_15777,MGG_15777T1,4969659,4971256,1597
MGG_16257,MGG_16257T0,3925429,3925973,544
MGG_09076,MGG_09076T0,61361,63448,2087
MGG_00567,MGG_00567T0,2460185,2466009,5824
MGG_13583,MGG_13583T0,4649995,4651771,1776
MGG_07748,MGG_07748T0,5619616,5620152,536
MGG_14779,MGG_14779T0,3446370,3446790,420
MGG_01832,MGG_01832T0,5014010,5016641,2631
MGG_17699,MGG_17699T0,2104315,2108053,3738
MGG_10564,MGG_10564T0,2866814,2868351,1537
MGG_02449,MGG_02449T0,1913924,1915820,1896
MGG_07441,MGG_07441T0,651938,656017,4079
MGG_17631,MGG_17631T0,1114958,1115823,865
MGG_15692,MGG_15692T0,3444999,3445407,408
MGG_09354,MGG_09354T0,3580233,3584060,3827
MGG_04746,MGG_04746T0,1361917,1365317,3400
MGG_06030,MGG_06030T0,2329845,2331063,1218
MGG_01581,MGG_01581T0,4076901,4079253,2352
MGG_00799,MGG_00799T0,1585710,1588193,2483
MGG_02493,MGG_02493T0,2072351,2076124,3773
MGG_14837,MGG_14837T0,4567863,4570793,2930
MGG_16903,MGG_16903T0,5288789,5289087,298
MGG_10021,MGG_10021T0,4918884,4919438,554
MGG_01377,MGG_01377T0,3313642,3314788,1146
MGG_00205,MGG_00205T0,3699988,3701817,1829
MGG_11771,MGG_11771T0,3714385,3716598,2213
MGG_10023,MGG_10023T0,4915710,4917386,1676
MGG_01582,MGG_01582T0,4079338,4081585,2247
MGG_01755,MGG_01755T0,4716951,4718959,2008
MGG_04053,MGG_04053T0,2109352,2111087,1735
MGG_03354,MGG_03354T0,2164545,2165174,629
MGG_17327,MGG_17327T0,788932,789394,462
MGG_13254,MGG_13254T0,1997339,1999177,1838
MGG_01818,MGG_01818T0,4961237,4965165,3928
MGG_06931,MGG_06931T0,3291689,3293662,1973
MGG_03665,MGG_03665T0,1093112,1094421,1309
MGG_12127,MGG_12127T0,2273661,2275285,1624
MGG_08156,MGG_08156T0,5885637,5888075,2438
MGG_14716,MGG_14716T0,3910962,3911808,846
MGG_10664,MGG_10664T0,4583560,4587442,3882
MGG_09919,MGG_09919T0,4340969,4343417,2448
MGG_17614,MGG_17614T0,899380,900028,648
MGG_03640,MGG_03640T0,1163646,1167477,3831
MGG_15742,MGG_15742T0,4217715,4218884,1169
MGG_07015,MGG_07015T0,3583899,3586928,3029
MGG_05097,MGG_05097T0,4600260,4602953,2693
MGG_14656,MGG_14656T0,1444773,1446691,1918
MGG_02592,MGG_02592T0,2264694,2268087,3393
MGG_17864,MGG_17864T0,233626,234763,1137
MGG_08018,MGG_08018T0,5433138,5433831,693
MGG_00194,MGG_00194T0,3770040,3772322,2282
MGG_17684,MGG_17684T0,1877391,1877870,479
MGG_08180,MGG_08180T0,5964054,5966213,2159
MGG_02094,MGG_02094T0,544745,546432,1687
MGG_04160,MGG_04160T0,1766344,1772215,5871
MGG_11322,MGG_11322T0,1972114,1973526,1412
MGG_10058,MGG_10058T0,4778089,4780226,2137
MGG_00330,MGG_00330T0,3243463,3245589,2126
MGG_06435,MGG_06435T0,3746029,3747206,1177
MGG_16060,MGG_16060T0,951495,953151,1656
MGG_11224,MGG_11224T0,3200528,3202683,2155
MGG_01385,MGG_01385T0,3353022,3355532,2510
MGG_17546,MGG_17546T0,4339895,4340440,545
MGG_15624,MGG_15624T0,2314768,2316865,2097
MGG_17333,MGG_17333T0,954683,955371,688
MGG_02533,MGG_02533T0,2469532,2475764,6232
MGG_00106,MGG_00106T0,4125512,4128611,3099
MGG_03558,MGG_03558T0,1468670,1472801,4131
MGG_12697,MGG_12697T0,2668611,2672821,4210
MGG_15856,MGG_15856T0,6365287,6366008,721
MGG_15320,MGG_15320T0,6631922,6633258,1336
MGG_15683,MGG_15683T0,3281017,3281620,603
MGG_03421,MGG_03421T0,1917005,1918060,1055
MGG_10138,MGG_10138T0,1596567,1598428,1861
MGG_03107,MGG_03107T0,289713,291672,1959
MGG_16018,MGG_16018T0,402666,403459,793
MGG_03356,MGG_03356T0,2160978,2162045,1067
MGG_14863,MGG_14863T0,3129780,3130832,1052
MGG_17426,MGG_17426T0,2471400,2472473,1073
MGG_14657,MGG_14657T0,1536987,1537784,797
MGG_17269,MGG_17269T0,5239668,5239994,326
MGG_05436,MGG_05436T0,5213776,5215069,1293
MGG_05904,MGG_05904T0,1897704,1902063,4359
MGG_01766,MGG_01766T0,4756438,4758047,1609
MGG_15539,MGG_15539T0,780084,781209,1125
MGG_01769,MGG_01769T1,4765555,4768293,2738
MGG_01769,MGG_01769T0,4765515,4768671,3156
MGG_12804,MGG_12804T0,3382980,3385220,2240
MGG_07980,MGG_07980T0,6443976,6445860,1884
MGG_16825,MGG_16825T0,3939166,3941379,2213
MGG_11092,MGG_11092T0,6459327,6459830,503
MGG_04971,MGG_04971T0,4117192,4119490,2298
MGG_05291,MGG_05291T0,5304495,5306879,2384
MGG_00426,MGG_00426T0,2932221,2933147,926
MGG_10422,MGG_10422T0,1019820,1022112,2292
MGG_06778,MGG_06778T0,2714191,2717250,3059
MGG_02319,MGG_02319T0,1374595,1376181,1586
MGG_00665,MGG_00665T0,2089268,2091694,2426
MGG_10799,MGG_10799T0,251028,253663,2635
MGG_05122,MGG_05122T0,4668787,4670392,1605
MGG_07243,MGG_07243T0,6926360,6929305,2945
MGG_00889,MGG_00889T0,1230488,1235136,4648
MGG_05818,MGG_05818T0,3071220,3072100,880
MGG_02543,MGG_02543T0,2418800,2419850,1050
MGG_16867,MGG_16867T0,4584909,4589048,4139
MGG_01238,MGG_01238T0,2797897,2803777,5880
MGG_04396,MGG_04396T0,7481334,7485376,4042
MGG_08854,MGG_08854T0,1879651,1881950,2299
MGG_08087,MGG_08087T0,5641680,5644708,3028
MGG_04723,MGG_04723T0,1320647,1321754,1107
MGG_15556,MGG_15556T0,1253393,1253781,388
MGG_08141,MGG_08141T0,5833952,5836881,2929
MGG_00773,MGG_00773T0,1677416,1679043,1627
MGG_17277,MGG_17277T0,5410214,5416224,6010
MGG_16911,MGG_16911T0,5561323,5561554,231
MGG_05710,MGG_05710T0,6200606,6202896,2290
MGG_16396,MGG_16396T0,5554233,5554534,301
MGG_16934,MGG_16934T0,5844645,5845628,983
MGG_10053,MGG_10053T0,4789800,4791084,1284
MGG_17861,MGG_17861T0,210167,212392,2225
MGG_09735,MGG_09735T0,5351587,5352646,1059
MGG_13076,MGG_13076T0,5330178,5331164,986
MGG_06447,MGG_06447T0,3702188,3708029,5841
MGG_06116,MGG_06116T0,2621670,2623933,2263
MGG_02013,MGG_02013T0,235479,235912,433
MGG_02467,MGG_02467T0,1972643,1973587,944
MGG_04248,MGG_04248T0,1422890,1425832,2942
MGG_06231,MGG_06231T0,4465682,4466101,419
MGG_00545,MGG_00545T0,2515275,2517437,2162
MGG_16284,MGG_16284T0,4211483,4211945,462
MGG_12420,MGG_12420T0,7414243,7414736,493
MGG_02477,MGG_02477T0,2010175,2012031,1856
MGG_01953,MGG_01953T0,572684,573596,912
MGG_15616,MGG_15616T0,2243326,2243703,377
MGG_16329,MGG_16329T0,4853830,4854533,703
MGG_08591,MGG_08591T0,792413,795142,2729
MGG_17018,MGG_17018T0,308684,309662,978
MGG_16225,MGG_16225T0,3372504,3373101,597
MGG_11116,MGG_11116T0,5201300,5206181,4881
MGG_09763,MGG_09763T0,5271503,5272798,1295
MGG_08271,MGG_08271T0,8052197,8054616,2419
MGG_08271,MGG_08271T1,8052282,8054616,2334
MGG_08658,MGG_08658T0,7704364,7704717,353
MGG_00673,MGG_00673T0,2061225,2062709,1484
MGG_04702,MGG_04702T0,1290621,1291906,1285
MGG_00310,MGG_00310T0,3320183,3322356,2173
MGG_01071,MGG_01071T0,611419,613880,2461
MGG_00052,MGG_00052T0,4285746,4286420,674
MGG_08891,MGG_08891T0,2015948,2018157,2209
MGG_06739,MGG_06739T0,2566635,2568760,2125
MGG_16864,MGG_16864T0,4550858,4551211,353
MGG_04126,MGG_04126T0,1863248,1866151,2903
MGG_04615,MGG_04615T0,1092919,1097163,4244
MGG_04663,MGG_04663T0,1192454,1194084,1630
MGG_15860,MGG_15860T0,6504316,6505987,1671
MGG_09293,MGG_09293T0,4125455,4129473,4018
MGG_16206,MGG_16206T0,3171195,3172448,1253
MGG_16206,MGG_16206T1,3171553,3172448,895
MGG_16906,MGG_16906T0,5392581,5392847,266
MGG_16644,MGG_16644T0,719995,720560,565
MGG_14872,MGG_14872T0,2499275,2502416,3141
MGG_00625,MGG_00625T0,2229407,2231009,1602
MGG_11473,MGG_11473T0,1238871,1241135,2264
MGG_01138,MGG_01138T0,365236,366941,1705
MGG_11255,MGG_11255T0,2817864,2818893,1029
MGG_06062,MGG_06062T0,2431107,2435593,4486
MGG_04870,MGG_04870T0,3783182,3785502,2320
MGG_01528,MGG_01528T0,3905841,3907808,1967
MGG_00990,MGG_00990T0,905201,909480,4279
MGG_04898,MGG_04898T0,3885031,3886035,1004
MGG_02531,MGG_02531T0,2485122,2489008,3886
MGG_00068,MGG_00068T0,4235388,4237630,2242
MGG_05757,MGG_05757T0,6418161,6419786,1625
MGG_02828,MGG_02828T0,1370256,1375192,4936
MGG_15333,MGG_15333T0,5273342,5274920,1578
MGG_09887,MGG_09887T0,4233771,4235258,1487
MGG_15298,MGG_15298T0,7302335,7303819,1484
MGG_16752,MGG_16752T0,2440870,2442085,1215
MGG_10810,MGG_10810T0,7480692,7481228,536
MGG_13202,MGG_13202T0,2693059,2695167,2108
MGG_11611,MGG_11611T0,3418910,3420605,1695
MGG_07763,MGG_07763T0,5666389,5668643,2254
MGG_07506,MGG_07506T0,864589,867111,2522
MGG_16272,MGG_16272T0,4084662,4085436,774
MGG_00308,MGG_00308T0,3326050,3328297,2247
MGG_02567,MGG_02567T0,2361862,2364157,2295
MGG_05937,MGG_05937T0,2036949,2041536,4587
MGG_15118,MGG_15118T0,4021009,4021872,863
MGG_16227,MGG_16227T0,3414196,3414791,595
MGG_17306,MGG_17306T0,175563,176924,1361
MGG_08399,MGG_08399T0,7567032,7567574,542
MGG_05753,MGG_05753T0,6399769,6401484,1715
MGG_07473,MGG_07473T0,759074,761395,2321
MGG_04210,MGG_04210T0,1567068,1568828,1760
MGG_15309,MGG_15309T0,6900743,6901315,572
MGG_13309,MGG_13309T0,3021929,3025863,3934
MGG_18010,MGG_18010T0,2105681,2106725,1044
MGG_17421,MGG_17421T0,2406787,2407661,874
MGG_16242,MGG_16242T0,3733848,3735082,1234
MGG_16240,MGG_16240T0,3694740,3694943,203
MGG_02016,MGG_02016T0,243955,245793,1838
MGG_00066,MGG_00066T0,4241476,4243114,1638
MGG_08796,MGG_08796T0,87588,88015,427
MGG_04862,MGG_04862T0,3757894,3760532,2638
MGG_18086,MGG_18086T0,3190649,3191111,462
MGG_02143,MGG_02143T0,710647,711795,1148
MGG_17658,MGG_17658T0,1365469,1367061,1592
MGG_08459,MGG_08459T0,288653,290562,1909
MGG_00233,MGG_00233T0,3573634,3581153,7519
MGG_05992,MGG_05992T0,2212908,2215019,2111
MGG_04096,MGG_04096T0,1978799,1979470,671
MGG_01438,MGG_01438T0,3527696,3528481,785
MGG_03812,MGG_03812T0,2961424,2962561,1137
MGG_10588,MGG_10588T0,2795046,2798554,3508
MGG_15796,MGG_15796T0,5320411,5320796,385
MGG_03075,MGG_03075T0,381149,384117,2968
MGG_04628,MGG_04628T0,7055918,7057702,1784
MGG_10636,MGG_10636T0,6585096,6586328,1232
MGG_02369,MGG_02369T0,1572442,1573445,1003
MGG_12016,MGG_12016T0,3467245,3468066,821
MGG_04109,MGG_04109T0,1930265,1932144,1879
MGG_00503,MGG_00503T0,2667011,2670397,3386
MGG_17926,MGG_17926T0,1032538,1032917,379
MGG_14794,MGG_14794T0,3993383,3994999,1616
MGG_03539,MGG_03539T0,1541522,1542819,1297
MGG_05640,MGG_05640T0,5936484,5937321,837
MGG_16312,MGG_16312T0,4664018,4664480,462
MGG_16167,MGG_16167T0,2795299,2796906,1607
MGG_04132,MGG_04132T0,1845451,1849519,4068
MGG_07267,MGG_07267T0,7021596,7023673,2077
MGG_02347,MGG_02347T0,1485177,1485927,750
MGG_17171,MGG_17171T0,3371524,3372289,765
MGG_15057,MGG_15057T0,5774977,5778139,3162
MGG_06032,MGG_06032T0,2334459,2337221,2762
MGG_16308,MGG_16308T0,4603965,4605424,1459
MGG_14550,MGG_14550T0,4417067,4419248,2181
MGG_15686,MGG_15686T0,3323543,3323866,323
MGG_17867,MGG_17867T0,247476,247938,462
MGG_01996,MGG_01996T0,172286,177150,4864
MGG_01996,MGG_01996T1,172286,177150,4864
MGG_05249,MGG_05249T0,5148680,5150863,2183
MGG_13023,MGG_13023T0,4968326,4969877,1551
MGG_07524,MGG_07524T0,922130,923823,1693
MGG_16372,MGG_16372T0,5350359,5352931,2572
MGG_00176,MGG_00176T0,3846234,3847554,1320
MGG_16751,MGG_16751T0,2410721,2411937,1216
MGG_15558,MGG_15558T0,1268821,1269393,572
MGG_06566,MGG_06566T0,3249956,3254263,4307
MGG_00646,MGG_00646T0,2143666,2144900,1234
MGG_15902,MGG_15902T0,7214094,7216916,2822
MGG_05648,MGG_05648T0,5972613,5973493,880
MGG_00885,MGG_00885T0,1248540,1251860,3320
MGG_10546,MGG_10546T0,4811730,4812201,471
MGG_03843,MGG_03843T0,2851978,2854903,2925
MGG_11357,MGG_11357T0,1418839,1423012,4173
MGG_01207,MGG_01207T0,2655859,2661439,5580
MGG_01207,MGG_01207T1,2655859,2661439,5580
MGG_15775,MGG_15775T1,4916385,4919595,3210
MGG_15775,MGG_15775T0,4918227,4919082,855
MGG_11141,MGG_11141T0,4823022,4827218,4196
MGG_16077,MGG_16077T0,1151431,1152448,1017
MGG_10269,MGG_10269T0,232007,235212,3205
MGG_08409,MGG_08409T0,7527662,7528549,887
MGG_17798,MGG_17798T0,3546241,3546783,542
MGG_05121,MGG_05121T0,4665855,4668803,2948
MGG_03406,MGG_03406T0,1991491,1995373,3882
MGG_15696,MGG_15696T0,3479411,3481244,1833
MGG_10163,MGG_10163T0,1654998,1656943,1945
MGG_00486,MGG_00486T0,2741727,2742940,1213
MGG_09560,MGG_09560T0,3271596,3277233,5637
MGG_13116,MGG_13116T0,5672974,5674498,1524
MGG_08708,MGG_08708T0,380812,383351,2539
MGG_13182,MGG_13182T0,2947379,2947835,456
MGG_10362,MGG_10362T0,861574,862695,1121
MGG_14175,MGG_14175T0,194985,198361,3376
MGG_18112,MGG_18112T0,128940,129581,641
MGG_18112,MGG_18112T1,128940,129768,828
MGG_09929,MGG_09929T0,4376693,4377898,1205
MGG_03963,MGG_03963T0,2413405,2417181,3776
MGG_06454,MGG_06454T0,3676628,3679054,2426
MGG_10697,MGG_10697T0,3788671,3790001,1330
MGG_05302,MGG_05302T0,5327896,5330797,2901
MGG_16600,MGG_16600T0,292697,293508,811
MGG_15460,MGG_15460T0,5567132,5567784,652
MGG_09262,MGG_09262T0,3974006,3976051,2045
MGG_05976,MGG_05976T0,2169572,2170789,1217
MGG_16332,MGG_16332T0,4911298,4911705,407
MGG_17224,MGG_17224T0,4636649,4637668,1019
MGG_13768,MGG_13768T0,6780106,6782490,2384
MGG_11606,MGG_11606T0,3379743,3381351,1608
MGG_09821,MGG_09821T0,4007103,4008859,1756
MGG_17126,MGG_17126T0,2502994,2503261,267
MGG_07882,MGG_07882T0,6141157,6143108,1951
MGG_06839,MGG_06839T0,2942613,2946052,3439
MGG_05023,MGG_05023T0,4336173,4337422,1249
MGG_07814,MGG_07814T0,5852475,5854043,1568
MGG_16358,MGG_16358T0,5172466,5173190,724
MGG_08623,MGG_08623T0,7599457,7602779,3322
MGG_09867,MGG_09867T0,3842350,3843640,1290
MGG_09204,MGG_09204T0,3735680,3737560,1880
MGG_08137,MGG_08137T0,5824146,5827948,3802
MGG_09445,MGG_09445T0,3264884,3266706,1822
MGG_15751,MGG_15751T0,4372064,4372919,855
MGG_09287,MGG_09287T0,4111740,4113760,2020
MGG_17030,MGG_17030T0,513106,513541,435
MGG_16402,MGG_16402T0,5620909,5621906,997
MGG_03294,MGG_03294T0,2362171,2364688,2517
MGG_11906,MGG_11906T0,1902823,1903872,1049
MGG_08452,MGG_08452T0,255405,258903,3498
MGG_06798,MGG_06798T0,2783563,2785083,1520
MGG_08725,MGG_08725T0,341035,345564,4529
MGG_00912,MGG_00912T0,1161244,1164230,2986
MGG_08377,MGG_08377T0,7657050,7658947,1897
MGG_02246,MGG_02246T0,1126301,1127102,801
MGG_05614,MGG_05614T0,5857979,5859439,1460
MGG_17475,MGG_17475T0,3250893,3251361,468
MGG_09394,MGG_09394T0,3428922,3431226,2304
MGG_02075,MGG_02075T0,492450,496103,3653
MGG_17761,MGG_17761T0,3101577,3101980,403
MGG_16554,MGG_16554T0,7808946,7809792,846
MGG_09458,MGG_09458T0,3608982,3610873,1891
MGG_17243,MGG_17243T0,4883580,4884042,462
MGG_16846,MGG_16846T0,4367441,4369359,1918
MGG_16157,MGG_16157T0,2435305,2437091,1786
MGG_00900,MGG_00900T0,1196433,1196876,443
MGG_00930,MGG_00930T0,1080364,1086307,5943
MGG_01149,MGG_01149T0,333298,334010,712
MGG_02938,MGG_02938T0,938016,939384,1368
MGG_16806,MGG_16806T0,3562871,3566775,3904
MGG_15589,MGG_15589T0,1699910,1700534,624
MGG_01510,MGG_01510T0,3857645,3860554,2909
MGG_10559,MGG_10559T0,2905393,2905923,530
MGG_01519,MGG_01519T0,3887125,3888480,1355
MGG_17072,MGG_17072T0,1429025,1431532,2507
MGG_16328,MGG_16328T0,4848886,4849518,632
MGG_15381,MGG_15381T0,112270,112911,641
MGG_08398,MGG_08398T0,7568747,7570279,1532
MGG_12165,MGG_12165T0,1725757,1727644,1887
MGG_00783,MGG_00783T0,1644174,1645992,1818
MGG_18097,MGG_18097T0,3377379,3378461,1082
MGG_15814,MGG_15814T0,5622510,5623658,1148
MGG_10788,MGG_10788T0,220753,221281,528
MGG_03594,MGG_03594T0,1346749,1348285,1536
MGG_09006,MGG_09006T0,2723646,2724880,1234
MGG_10741,MGG_10741T0,91907,93867,1960
MGG_07352,MGG_07352T0,7357825,7358273,448
MGG_09068,MGG_09068T0,35642,36594,952
MGG_07656,MGG_07656T0,1385603,1389174,3571
MGG_07715,MGG_07715T0,5507572,5509258,1686
MGG_16919,MGG_16919T0,5618379,5618613,234
MGG_08905,MGG_08905T0,2060730,2062185,1455
MGG_03681,MGG_03681T0,1035643,1037727,2084
MGG_17737,MGG_17737T0,2765336,2765605,269
MGG_17087,MGG_17087T0,1750003,1750975,972
MGG_11617,MGG_11617T0,3475396,3477713,2317
MGG_05615,MGG_05615T0,5859837,5862790,2953
MGG_16172,MGG_16172T0,2818455,2818850,395
MGG_09426,MGG_09426T0,3322733,3324917,2184
MGG_06909,MGG_06909T0,3218489,3220523,2034
MGG_17515,MGG_17515T0,3811248,3811560,312
MGG_15291,MGG_15291T0,848329,852036,3707
MGG_08633,MGG_08633T0,7626400,7627208,808
MGG_02956,MGG_02956T0,867652,869965,2313
MGG_06349,MGG_06349T0,4072280,4073822,1542
MGG_05768,MGG_05768T0,6451170,6453851,2681
MGG_16313,MGG_16313T0,4665229,4665561,332
MGG_05125,MGG_05125T0,4674601,4678239,3638
MGG_06564,MGG_06564T0,3269742,3271696,1954
MGG_03919,MGG_03919T0,2579509,2582612,3103
MGG_02694,MGG_02694T0,1854860,1857302,2442
MGG_17965,MGG_17965T0,1548168,1549370,1202
MGG_09396,MGG_09396T0,3421956,3423574,1618
MGG_17702,MGG_17702T0,2129910,2131572,1662
MGG_17545,MGG_17545T0,4328275,4328737,462
MGG_06187,MGG_06187T0,2863087,2864305,1218
MGG_00276,MGG_00276T0,3445917,3447694,1777
MGG_17043,MGG_17043T0,710576,711094,518
MGG_14874,MGG_14874T0,2468846,2469903,1057
MGG_05638,MGG_05638T0,5929274,5931306,2032
MGG_03588,MGG_03588T0,1364145,1366543,2398
MGG_03682,MGG_03682T0,1032284,1034041,1757
MGG_02438,MGG_02438T0,1848404,1851010,2606
MGG_17119,MGG_17119T0,2354526,2357698,3172
MGG_17812,MGG_17812T0,3663287,3665333,2046
MGG_15580,MGG_15580T0,1552834,1556036,3202
MGG_15887,MGG_15887T0,6916806,6918363,1557
MGG_03572,MGG_03572T0,1424611,1425862,1251
MGG_01535,MGG_01535T0,3927497,3929073,1576
MGG_14704,MGG_14704T0,3385357,3386145,788
MGG_06312,MGG_06312T0,4205121,4208920,3799
MGG_08139,MGG_08139T0,5828175,5830151,1976
MGG_08139,MGG_08139T1,5828175,5830151,1976
MGG_16336,MGG_16336T0,4941849,4942417,568
MGG_11269,MGG_11269T0,2623216,2625152,1936
MGG_07702,MGG_07702T0,5465991,5467185,1194
MGG_04196,MGG_04196T0,1625080,1629738,4658
MGG_15095,MGG_15095T0,7515189,7516267,1078
MGG_06073,MGG_06073T0,2481885,2483374,1489
MGG_15419,MGG_15419T0,7855688,7856104,416
MGG_08363,MGG_08363T0,7709493,7711597,2104
MGG_05646,MGG_05646T0,5966519,5969868,3349
MGG_17584,MGG_17584T0,475898,476497,599
MGG_16533,MGG_16533T0,7510136,7510552,416
MGG_01177,MGG_01177T0,2524315,2525350,1035
MGG_05092,MGG_05092T0,4578491,4579744,1253
MGG_17406,MGG_17406T0,2227954,2228985,1031
MGG_12699,MGG_12699T0,2685528,2685848,320
MGG_17415,MGG_17415T0,2328768,2329434,666
MGG_03317,MGG_03317T0,2287530,2289812,2282
MGG_08893,MGG_08893T0,2020937,2024956,4019
MGG_16699,MGG_16699T0,1662566,1663509,943
MGG_00041,MGG_00041T0,4335823,4337198,1375
MGG_17544,MGG_17544T0,4321983,4322441,458
MGG_08835,MGG_08835T0,1812858,1815069,2211
MGG_15720,MGG_15720T0,3830159,3832105,1946
MGG_06053,MGG_06053T0,2402355,2404316,1961
MGG_15450,MGG_15450T0,189593,190394,801
MGG_03757,MGG_03757T0,3163451,3165317,1866
MGG_12861,MGG_12861T0,4242059,4244212,2153
MGG_16373,MGG_16373T0,5374564,5378100,3536
MGG_01862,MGG_01862T0,5140679,5143153,2474
MGG_01742,MGG_01742T0,4666925,4670472,3547
MGG_05694,MGG_05694T1,6142927,6147231,4304
MGG_05694,MGG_05694T0,6144770,6146882,2112
MGG_04566,MGG_04566T0,7175365,7176586,1221
MGG_07047,MGG_07047T0,6185105,6189943,4838
MGG_02247,MGG_02247T0,1128394,1129982,1588
MGG_15544,MGG_15544T0,906981,907762,781
MGG_00163,MGG_00163T0,3898798,3900733,1935
MGG_02289,MGG_02289T0,1273972,1275873,1901
MGG_04578,MGG_04578T0,7170102,7170416,314
MGG_10673,MGG_10673T0,92716,93741,1025
MGG_06151,MGG_06151T0,2749586,2750617,1031
MGG_04688,MGG_04688T0,6946950,6949579,2629
MGG_15403,MGG_15403T0,243611,244494,883
MGG_13686,MGG_13686T0,305606,306138,532
MGG_12447,MGG_12447T0,7586458,7598810,12352
MGG_10065,MGG_10065T0,4755416,4756018,602
MGG_05802,MGG_05802T0,3016828,3018245,1417
MGG_06430,MGG_06430T0,3765761,3768698,2937
MGG_01604,MGG_01604T0,4163759,4166300,2541
MGG_07787,MGG_07787T0,5759737,5762621,2884
MGG_16325,MGG_16325T0,4809660,4810133,473
MGG_04631,MGG_04631T0,7044757,7046453,1696
MGG_17911,MGG_17911T0,916905,917653,748
MGG_08337,MGG_08337T0,7787558,7789276,1718
MGG_12155,MGG_12155T0,1867280,1871872,4592
MGG_02186,MGG_02186T0,883549,885413,1864
MGG_01181,MGG_01181T0,2533768,2535679,1911
MGG_00297,MGG_00297T0,3368218,3370188,1970
MGG_14937,MGG_14937T0,2739964,2742729,2765
MGG_09977,MGG_09977T0,5088979,5091049,2070
MGG_17535,MGG_17535T0,4120225,4122125,1900
MGG_16128,MGG_16128T0,1948988,1949390,402
MGG_18071,MGG_18071T0,3009838,3010065,227
MGG_01093,MGG_01093T0,533924,535385,1461
MGG_06145,MGG_06145T0,2723331,2727515,4184
MGG_06203,MGG_06203T0,2929908,2932125,2217
MGG_12813,MGG_12813T0,3429105,3430936,1831
MGG_06986,MGG_06986T0,3477179,3478942,1763
MGG_03579,MGG_03579T0,1396844,1399552,2708
MGG_14253,MGG_14253T0,123291,123513,222
MGG_09736,MGG_09736T0,5349711,5350883,1172
MGG_07957,MGG_07957T0,6382172,6384194,2022
MGG_09567,MGG_09567T0,3247636,3249063,1427
MGG_17408,MGG_17408T0,2246922,2247963,1041
MGG_16135,MGG_16135T0,2102164,2102402,238
MGG_05201,MGG_05201T0,4941587,4943140,1553
MGG_13177,MGG_13177T0,6424593,6426922,2329
MGG_16688,MGG_16688T0,1496978,1497977,999
MGG_07859,MGG_07859T0,6058549,6060887,2338
MGG_07269,MGG_07269T0,7028102,7029212,1110
MGG_02428,MGG_02428T0,1829285,1831970,2685
MGG_10700,MGG_10700T0,3780393,3781737,1344
MGG_06423,MGG_06423T0,3787428,3788852,1424
MGG_04822,MGG_04822T0,1495024,1496703,1679
MGG_02453,MGG_02453T0,1923811,1925701,1890
MGG_04422,MGG_04422T0,750886,752303,1417
MGG_10748,MGG_10748T0,73059,75080,2021
MGG_17717,MGG_17717T1,2354510,2355530,1020
MGG_17717,MGG_17717T0,2354510,2355338,828
MGG_16287,MGG_16287T0,4219482,4221451,1969
MGG_15854,MGG_15854T0,6347045,6347791,746
MGG_00478,MGG_00478T0,2757143,2758821,1678
MGG_06503,MGG_06503T0,3496689,3498232,1543
MGG_06303,MGG_06303T0,4229390,4231153,1763
MGG_08656,MGG_08656T0,7698079,7699950,1871
MGG_15277,MGG_15277T0,1769642,1774269,4627
MGG_15187,MGG_15187T0,163892,164344,452
MGG_15632,MGG_15632T0,2511383,2511845,462
MGG_17853,MGG_17853T0,138360,138564,204
MGG_00371,MGG_00371T0,3095364,3101556,6192
MGG_09186,MGG_09186T1,3665155,3670127,4972
MGG_09186,MGG_09186T0,3664603,3671478,6875
MGG_17662,MGG_17662T0,1386105,1387743,1638
MGG_08006,MGG_08006T0,5399852,5401884,2032
MGG_08637,MGG_08637T0,7633088,7635226,2138
MGG_16972,MGG_16972T0,6318551,6320140,1589
MGG_01859,MGG_01859T0,5133543,5136601,3058
MGG_02925,MGG_02925T0,1006320,1007771,1451
MGG_07663,MGG_07663T0,1427701,1430430,2729
MGG_08697,MGG_08697T0,425948,430681,4733
MGG_16002,MGG_16002T0,266117,266467,350
MGG_13409,MGG_13409T0,870538,873095,2557
MGG_06416,MGG_06416T0,3820111,3823054,2943
MGG_05534,MGG_05534T0,5529984,5533214,3230
MGG_08549,MGG_08549T0,605786,608017,2231
MGG_17381,MGG_17381T0,1846911,1847438,527
MGG_05132,MGG_05132T0,4703610,4705605,1995
MGG_01561,MGG_01561T0,4010799,4014100,3301
MGG_16943,MGG_16943T0,5923946,5924601,655
MGG_17503,MGG_17503T0,3642052,3643938,1886
MGG_01975,MGG_01975T0,103079,105652,2573
MGG_08847,MGG_08847T0,1847805,1851481,3676
MGG_00988,MGG_00988T0,911717,913775,2058
MGG_16462,MGG_16462T0,6364971,6366881,1910
MGG_02572,MGG_02572T0,2344339,2348536,4197
MGG_04182,MGG_04182T0,1681837,1684982,3145
MGG_03513,MGG_03513T0,1635766,1638450,2684
MGG_02743,MGG_02743T0,1688871,1691885,3014
MGG_11176,MGG_11176T0,4226904,4228948,2044
MGG_07337,MGG_07337T0,7306430,7307337,907
MGG_03174,MGG_03174T0,2804410,2806012,1602
MGG_09616,MGG_09616T0,3210667,3211062,395
MGG_04291,MGG_04291T0,1266921,1267286,365
MGG_17238,MGG_17238T0,4825026,4825488,462
MGG_11310,MGG_11310T0,2168251,2169991,1740
MGG_08702,MGG_08702T0,413259,413945,686
MGG_16757,MGG_16757T0,2545256,2547249,1993
MGG_16213,MGG_16213T0,3261366,3268024,6658
MGG_09306,MGG_09306T0,4164163,4167903,3740
MGG_03270,MGG_03270T0,2451774,2455394,3620
MGG_08474,MGG_08474T0,348421,350411,1990
MGG_16175,MGG_16175T0,2848135,2848661,526
MGG_05684,MGG_05684T0,6111999,6114117,2118
MGG_05656,MGG_05656T0,5996222,6002712,6490
MGG_11399,MGG_11399T0,677848,679425,1577
MGG_08937,MGG_08937T0,2184240,2186429,2189
MGG_17379,MGG_17379T0,1775567,1776170,603
MGG_18137,MGG_18137T0,505225,507741,2516
MGG_00638,MGG_00638T0,2161518,2164234,2716
MGG_11425,MGG_11425T0,417642,427263,9621
MGG_00899,MGG_00899T0,1196991,1199081,2090
MGG_11192,MGG_11192T0,3864218,3867872,3654
MGG_17250,MGG_17250T0,5004867,5005236,369
MGG_16122,MGG_16122T0,1762805,1763365,560
MGG_06274,MGG_06274T0,4330176,4332179,2003
MGG_13338,MGG_13338T0,181049,183017,1968
MGG_10525,MGG_10525T0,4712090,4714681,2591
MGG_09351,MGG_09351T0,3591989,3593387,1398
MGG_11887,MGG_11887T0,2156411,2158155,1744
MGG_16581,MGG_16581T0,1822,2519,697
MGG_15523,MGG_15523T0,496670,499488,2818
MGG_12748,MGG_12748T0,2598528,2599516,988
MGG_15708,MGG_15708T0,3703150,3703642,492
MGG_14206,MGG_14206T0,197041,198734,1693
MGG_09563,MGG_09563T0,3261458,3263212,1754
MGG_07613,MGG_07613T0,1206657,1214682,8025
MGG_17513,MGG_17513T0,3796176,3798498,2322
MGG_17478,MGG_17478T0,3284790,3285157,367
MGG_16552,MGG_16552T0,7804124,7804756,632
MGG_09030,MGG_09030T0,2644213,2646353,2140
MGG_09949,MGG_09949T0,4451978,4455039,3061
MGG_05744,MGG_05744T0,6361791,6362533,742
MGG_14156,MGG_14156T0,4079875,4080404,529
MGG_09663,MGG_09663T0,3032190,3032843,653
MGG_04637,MGG_04637T0,7021405,7024858,3453
MGG_04452,MGG_04452T0,842738,843713,975
MGG_03407,MGG_03407T0,1987185,1990272,3087
MGG_13936,MGG_13936T0,146586,149152,2566
MGG_12101,MGG_12101T0,2573755,2576576,2821
MGG_03740,MGG_03740T0,859213,860563,1350
MGG_15785,MGG_15785T0,5223811,5224326,515
MGG_00088,MGG_00088T0,4158931,4160807,1876
MGG_00548,MGG_00548T0,2510121,2511940,1819
MGG_00548,MGG_00548T1,2510121,2511940,1819
MGG_15198,MGG_15198T0,572587,573762,1175
MGG_11546,MGG_11546T0,2316936,2322384,5448
MGG_01586,MGG_01586T0,4098898,4102766,3868
MGG_08573,MGG_08573T0,720946,724804,3858
MGG_02231,MGG_02231T0,1065901,1066836,935
MGG_17183,MGG_17183T0,3716440,3716872,432
MGG_05424,MGG_05424T0,5175633,5176379,746
MGG_12239,MGG_12239T0,798512,798889,377
MGG_03784,MGG_03784T0,3071990,3073717,1727
MGG_11230,MGG_11230T0,3133114,3134916,1802
MGG_15590,MGG_15590T0,1732992,1733295,303
MGG_00301,MGG_00301T0,3353537,3355173,1636
MGG_12920,MGG_12920T0,4913496,4914833,1337
MGG_03237,MGG_03237T0,2591308,2593387,2079
MGG_04835,MGG_04835T0,1528842,1530405,1563
MGG_07249,MGG_07249T0,6944322,6946701,2379
MGG_00803,MGG_00803T0,1560906,1565259,4353
MGG_16705,MGG_16705T0,1714382,1714815,433
MGG_02992,MGG_02992T0,723401,726195,2794
MGG_09471,MGG_09471T0,3567862,3571744,3882
MGG_07284,MGG_07284T0,7096694,7098886,2192
MGG_03639,MGG_03639T0,1167966,1168616,650
MGG_07059,MGG_07059T0,6215657,6220501,4844
MGG_17727,MGG_17727T0,2569408,2569827,419
MGG_10301,MGG_10301T0,193914,194792,878
MGG_14344,MGG_14344T0,7963448,7963977,529
MGG_01343,MGG_01343T0,3184134,3186608,2474
MGG_17874,MGG_17874T0,438829,439082,253
MGG_16292,MGG_16292T0,4313840,4314303,463
MGG_17107,MGG_17107T0,2147337,2147570,233
MGG_09271,MGG_09271T0,4037110,4038793,1683
MGG_07808,MGG_07808T0,5834470,5836289,1819
MGG_06590,MGG_06590T0,3176126,3180013,3887
MGG_08568,MGG_08568T0,686594,688520,1926
MGG_01692,MGG_01692T0,4479140,4480700,1560
MGG_14606,MGG_14606T0,500327,501454,1127
MGG_03890,MGG_03890T0,2695701,2699587,3886
MGG_06605,MGG_06605T0,3119222,3121932,2710
MGG_00821,MGG_00821T0,1497694,1498080,386
MGG_03709,MGG_03709T0,948917,951842,2925
MGG_15772,MGG_15772T0,4893704,4894080,376
MGG_15840,MGG_15840T0,6154826,6156084,1258
MGG_04336,MGG_04336T0,1133628,1135286,1658
MGG_17538,MGG_17538T0,4154765,4155665,900
MGG_06050,MGG_06050T0,2394833,2397613,2780
MGG_02713,MGG_02713T0,1780591,1781480,889
MGG_04745,MGG_04745T0,1359915,1361726,1811
MGG_13161,MGG_13161T0,6281101,6283167,2066
MGG_08908,MGG_08908T0,2065740,2067267,1527
MGG_00509,MGG_00509T0,2636860,2638885,2025
MGG_07600,MGG_07600T0,1160615,1163053,2438
MGG_16204,MGG_16204T0,3152577,3153669,1092
MGG_15348,MGG_15348T0,276100,276757,657
MGG_05114,MGG_05114T0,4645646,4647650,2004
MGG_11568,MGG_11568T0,2696608,2700512,3904
MGG_01105,MGG_01105T0,499861,501469,1608
MGG_06453,MGG_06453T0,3679051,3680146,1095
MGG_14903,MGG_14903T0,1592676,1596711,4035
MGG_06996,MGG_06996T0,3515629,3516807,1178
MGG_02443,MGG_02443T0,1873535,1877343,3808
MGG_04335,MGG_04335T0,1139620,1141788,2168
MGG_03694,MGG_03694T0,999252,1001127,1875
MGG_05449,MGG_05449T0,5253556,5255339,1783
MGG_12530,MGG_12530T0,524390,528318,3928
MGG_17602,MGG_17602T0,747984,748424,440
MGG_08928,MGG_08928T0,2153926,2157363,3437
MGG_06912,MGG_06912T0,3225635,3228810,3175
MGG_16430,MGG_16430T0,5948708,5949083,375
MGG_15032,MGG_15032T0,2316679,2317851,1172
MGG_17102,MGG_17102T0,2111001,2113883,2882
MGG_00743,MGG_00743T0,1795218,1797154,1936
MGG_11377,MGG_11377T0,1165587,1166881,1294
MGG_07377,MGG_07377T0,375709,376428,719
MGG_02582,MGG_02582T0,2301648,2304148,2500
MGG_16326,MGG_16326T0,4827722,4829180,1458
MGG_15831,MGG_15831T0,5921620,5922937,1317
MGG_08923,MGG_08923T0,2135582,2138022,2440
MGG_08164,MGG_08164T0,5914356,5915868,1512
MGG_01070,MGG_01070T0,615747,618218,2471
MGG_02019,MGG_02019T0,259032,260853,1821
MGG_17736,MGG_17736T0,2765020,2765327,307
MGG_09777,MGG_09777T0,5212719,5214497,1778
MGG_15308,MGG_15308T0,6927439,6927979,540
MGG_03978,MGG_03978T0,2343863,2345969,2106
MGG_10401,MGG_10401T0,949267,950292,1025
MGG_15375,MGG_15375T0,437345,437804,459
MGG_03842,MGG_03842T0,2855775,2859596,3821
MGG_18013,MGG_18013T0,2180645,2181181,536
MGG_16170,MGG_16170T0,2806824,2807292,468
MGG_12349,MGG_12349T0,6442006,6446336,4330
MGG_11702,MGG_11702T0,4592749,4595695,2946
MGG_14868,MGG_14868T0,2696292,2698376,2084
MGG_18101,MGG_18101T0,29095,29904,809
MGG_17385,MGG_17385T0,1865046,1867171,2125
MGG_13455,MGG_13455T0,1511967,1515119,3152
MGG_01460,MGG_01460T0,3616137,3617429,1292
MGG_15527,MGG_15527T0,605496,607448,1952
MGG_09760,MGG_09760T0,5283306,5285263,1957
MGG_05359,MGG_05359T0,4937780,4941388,3608
MGG_08744,MGG_08744T0,282444,288774,6330
MGG_17340,MGG_17340T0,1100795,1102126,1331
MGG_09181,MGG_09181T0,3644340,3645575,1235
MGG_09807,MGG_09807T0,4053032,4053719,687
MGG_00686,MGG_00686T0,1996189,1997882,1693
MGG_00939,MGG_00939T0,1053095,1055518,2423
MGG_10279,MGG_10279T0,198578,200229,1651
MGG_07259,MGG_07259T0,6982806,6986369,3563
MGG_08104,MGG_08104T0,5706203,5708290,2087
MGG_03474,MGG_03474T0,1746349,1748341,1992
MGG_10724,MGG_10724T0,3716766,3718912,2146
MGG_01969,MGG_01969T0,80656,85619,4963
MGG_06940,MGG_06940T0,3322601,3324398,1797
MGG_06455,MGG_06455T0,3673355,3676284,2929
MGG_05338,MGG_05338T0,4863487,4865224,1737
MGG_01693,MGG_01693T0,4482439,4484244,1805
MGG_15661,MGG_15661T0,2972247,2972639,392
MGG_04512,MGG_04512T0,868527,870573,2046
MGG_15393,MGG_15393T0,3344804,3346944,2140
MGG_03097,MGG_03097T0,320158,321938,1780
MGG_08520,MGG_08520T0,497903,499340,1437
MGG_00049,MGG_00049T0,4294578,4296787,2209
MGG_03353,MGG_03353T0,2167749,2169006,1257
MGG_16939,MGG_16939T0,5908917,5909321,404
MGG_03562,MGG_03562T0,1455254,1459182,3928
MGG_15862,MGG_15862T0,6516075,6516805,730
MGG_13986,MGG_13986T0,546709,548885,2176
MGG_08729,MGG_08729T0,333798,334728,930
MGG_01232,MGG_01232T0,2772169,2774053,1884
MGG_17419,MGG_17419T0,2394291,2394808,517
MGG_15373,MGG_15373T0,482319,484070,1751
MGG_01760,MGG_01760T0,4732946,4735358,2412
MGG_12128,MGG_12128T0,2270460,2273282,2822
MGG_17292,MGG_17292T0,39582,40105,523
MGG_08389,MGG_08389T0,7605999,7607396,1397
MGG_02377,MGG_02377T0,1609863,1613131,3268
MGG_04987,MGG_04987T0,4171857,4175772,3915
MGG_06562,MGG_06562T0,3288172,3290098,1926
MGG_16872,MGG_16872T0,4634662,4635057,395
MGG_16629,MGG_16629T0,619844,621023,1179
MGG_16380,MGG_16380T0,5437833,5438249,416
MGG_04359,MGG_04359T0,613454,617233,3779
MGG_01089,MGG_01089T0,549409,551549,2140
MGG_05493,MGG_05493T0,5414850,5416025,1175
MGG_17622,MGG_17622T0,998316,1000212,1896
MGG_13756,MGG_13756T0,6697160,6697969,809
MGG_16179,MGG_16179T0,2880968,2881517,549
MGG_16179,MGG_16179T1,2880968,2881517,549
MGG_07030,MGG_07030T0,6150994,6153146,2152
MGG_01770,MGG_01770T0,4769353,4771169,1816
MGG_18126,MGG_18126T0,389457,389852,395
MGG_05288,MGG_05288T0,5300184,5302555,2371
MGG_01095,MGG_01095T0,526089,528774,2685
MGG_17390,MGG_17390T0,1902820,1903762,942
MGG_05345,MGG_05345T0,4890391,4892749,2358
MGG_03658,MGG_03658T0,1110662,1111691,1029
MGG_04989,MGG_04989T0,4182620,4189845,7225
MGG_17721,MGG_17721T0,2493822,2494868,1046
MGG_03133,MGG_03133T0,2954805,2958223,3418
MGG_10267,MGG_10267T0,241095,244089,2994
MGG_10031,MGG_10031T0,4866267,4868002,1735
MGG_15965,MGG_15965T0,8139781,8141493,1712
MGG_07880,MGG_07880T0,6136901,6137664,763
MGG_17808,MGG_17808T0,3626101,3626572,471
MGG_14850,MGG_14850T0,3499985,3500983,998
MGG_08894,MGG_08894T0,2025312,2026478,1166
MGG_03115,MGG_03115T0,3028432,3032013,3581
MGG_05066,MGG_05066T0,4472921,4474327,1406
MGG_18083,MGG_18083T0,3177684,3178146,462
MGG_17726,MGG_17726T0,2553948,2555775,1827
MGG_04470,MGG_04470T0,7390665,7393819,3154
MGG_09159,MGG_09159T0,35805,37821,2016
MGG_00135,MGG_00135T0,3997175,3999490,2315
MGG_06238,MGG_06238T0,4441559,4445848,4289
MGG_07545,MGG_07545T0,977053,979081,2028
MGG_07972,MGG_07972T0,6428474,6429733,1259
MGG_16087,MGG_16087T0,1306139,1307076,937
MGG_02096,MGG_02096T0,551131,554596,3465
MGG_07037,MGG_07037T0,6165964,6172541,6577
MGG_03176,MGG_03176T0,2801032,2802483,1451
MGG_09495,MGG_09495T0,3491786,3493369,1583
MGG_09715,MGG_09715T0,5408154,5409727,1573
MGG_00916,MGG_00916T0,1151163,1151627,464
MGG_06391,MGG_06391T0,3909783,3912329,2546
MGG_00146,MGG_00146T0,3955477,3957126,1649
MGG_07793,MGG_07793T0,5778116,5779344,1228
MGG_03944,MGG_03944T0,2490438,2493281,2843
MGG_13651,MGG_13651T0,5355808,5357996,2188
MGG_11713,MGG_11713T0,4464947,4467495,2548
MGG_11447,MGG_11447T0,709710,711666,1956
MGG_02997,MGG_02997T0,703632,704230,598
MGG_16327,MGG_16327T0,4847587,4848429,842
MGG_14806,MGG_14806T0,4334019,4339569,5550
MGG_17636,MGG_17636T0,1246702,1247556,854
MGG_03029,MGG_03029T0,587514,589012,1498
MGG_03519,MGG_03519T0,1611648,1613798,2150
MGG_11132,MGG_11132T0,4955522,4958094,2572
MGG_00781,MGG_00781T0,1654888,1657231,2343
MGG_09817,MGG_09817T0,4016282,4019682,3400
MGG_03428,MGG_03428T0,1898998,1900055,1057
MGG_00394,MGG_00394T0,3016429,3017641,1212
MGG_03585,MGG_03585T0,1377517,1378896,1379
MGG_11091,MGG_11091T0,6828232,6829068,836
MGG_08155,MGG_08155T1,5883991,5885282,1291
MGG_08155,MGG_08155T0,5883526,5885799,2273
MGG_13410,MGG_13410T0,873800,874551,751
MGG_14869,MGG_14869T0,2648649,2649420,771
MGG_06156,MGG_06156T1,2766407,2770773,4366
MGG_06156,MGG_06156T0,2766568,2770773,4205
MGG_16538,MGG_16538T0,7547859,7549533,1674
MGG_15022,MGG_15022T0,1936496,1937294,798
MGG_02465,MGG_02465T0,1968260,1970833,2573
MGG_05681,MGG_05681T0,6099115,6100762,1647
MGG_17924,MGG_17924T0,1009204,1009599,395
MGG_04859,MGG_04859T0,3752681,3754940,2259
MGG_16823,MGG_16823T0,3924234,3924472,238
MGG_12929,MGG_12929T0,4779502,4781973,2471
MGG_06076,MGG_06076T0,2498064,2499123,1059
MGG_16276,MGG_16276T0,4130657,4132648,1991
MGG_04344,MGG_04344T0,1091257,1093935,2678
MGG_05021,MGG_05021T0,4333376,4333995,619
MGG_15942,MGG_15942T0,7838708,7839170,462
MGG_03764,MGG_03764T0,3137069,3139233,2164
MGG_04912,MGG_04912T0,3929271,3932804,3533
MGG_05469,MGG_05469T0,5323823,5324500,677
MGG_16702,MGG_16702T0,1705890,1706177,287
MGG_05790,MGG_05790T0,3097759,3099613,1854
MGG_17896,MGG_17896T0,731106,731528,422
MGG_16665,MGG_16665T0,1170891,1171192,301
MGG_05850,MGG_05850T0,1710160,1711965,1805
MGG_03968,MGG_03968T0,2397271,2398617,1346
MGG_06534,MGG_06534T0,3375738,3377632,1894
MGG_13597,MGG_13597T0,4736473,4738271,1798
MGG_05238,MGG_05238T0,5094934,5096238,1304
MGG_11654,MGG_11654T0,3950419,3953005,2586
MGG_04845,MGG_04845T0,3692721,3693600,879
MGG_12025,MGG_12025T0,3368491,3369856,1365
MGG_11712,MGG_11712T0,4475957,4479090,3133
MGG_04122,MGG_04122T0,1878118,1879946,1828
MGG_14085,MGG_14085T0,256817,258449,1632
MGG_09000,MGG_09000T0,2415197,2417988,2791
MGG_00183,MGG_00183T0,3820391,3825429,5038
MGG_05222,MGG_05222T0,5041428,5044288,2860
MGG_15827,MGG_15827T0,5863536,5864309,773
MGG_04609,MGG_04609T0,7099385,7102305,2920
MGG_01546,MGG_01546T0,3970118,3970586,468
MGG_03807,MGG_03807T0,2986065,2987705,1640
MGG_03017,MGG_03017T0,633937,637049,3112
MGG_17531,MGG_17531T0,4088038,4091257,3219
MGG_16309,MGG_16309T0,4609585,4610047,462
MGG_17581,MGG_17581T0,396436,397300,864
MGG_09947,MGG_09947T0,4443786,4449435,5649
MGG_09885,MGG_09885T0,4229946,4232150,2204
MGG_10059,MGG_10059T0,4774882,4776799,1917
MGG_04711,MGG_04711T0,6893499,6895113,1614
MGG_05230,MGG_05230T0,5075782,5077455,1673
MGG_03158,MGG_03158T0,2851992,2855894,3902
MGG_03313,MGG_03313T0,2302905,2307462,4557
MGG_03322,MGG_03322T0,2264746,2268023,3277
MGG_14909,MGG_14909T0,1757144,1757660,516
MGG_11311,MGG_11311T0,2159429,2161568,2139
MGG_01050,MGG_01050T0,675628,679490,3862
MGG_00314,MGG_00314T0,3303151,3305243,2092
MGG_17285,MGG_17285T0,5510304,5511023,719
MGG_08916,MGG_08916T0,2102933,2105408,2475
MGG_10927,MGG_10927T0,170431,171808,1377
MGG_03192,MGG_03192T0,2756987,2759521,2534
MGG_01417,MGG_01417T0,3454736,3457061,2325
MGG_12568,MGG_12568T0,1136276,1138038,1762
MGG_08561,MGG_08561T0,668967,672303,3336
MGG_12844,MGG_12844T0,3916874,3919615,2741
MGG_05603,MGG_05603T0,5814819,5816026,1207
MGG_15980,MGG_15980T0,8271473,8271850,377
MGG_05379,MGG_05379T0,5019740,5024425,4685
MGG_02789,MGG_02789T0,1495653,1497576,1923
MGG_16839,MGG_16839T0,4235033,4235493,460
MGG_16384,MGG_16384T0,5472858,5473320,462
MGG_17311,MGG_17311T0,367089,368055,966
MGG_03933,MGG_03933T0,2522699,2524198,1499
MGG_12247,MGG_12247T0,501227,501889,662
MGG_00754,MGG_00754T0,1756588,1758476,1888
MGG_04802,MGG_04802T0,1451920,1453969,2049
MGG_17472,MGG_17472T0,3225777,3228123,2346
MGG_18070,MGG_18070T0,3008872,3009533,661
MGG_15478,MGG_15478T0,4549953,4550733,780
MGG_04744,MGG_04744T0,1357497,1360008,2511
MGG_02464,MGG_02464T0,1963245,1966646,3401
MGG_06003,MGG_06003T0,2253507,2254514,1007
MGG_17915,MGG_17915T0,958858,959676,818
MGG_17752,MGG_17752T0,3021168,3021640,472
MGG_12315,MGG_12315T0,6061341,6062524,1183
MGG_10436,MGG_10436T0,241316,241717,401
MGG_10843,MGG_10843T0,492534,494246,1712
MGG_16381,MGG_16381T0,5442825,5443303,478
MGG_11813,MGG_11813T0,3030907,3032124,1217
MGG_04525,MGG_04525T0,916459,917965,1506
MGG_05049,MGG_05049T0,4419607,4423994,4387
MGG_00537,MGG_00537T0,2541299,2544221,2922
MGG_00537,MGG_00537T1,2541299,2544221,2922
MGG_02656,MGG_02656T0,2030012,2038413,8401
MGG_15848,MGG_15848T0,6270490,6271848,1358
MGG_17036,MGG_17036T0,601716,602004,288
MGG_15210,MGG_15210T0,1094277,1096180,1903
MGG_16741,MGG_16741T0,2322093,2323512,1419
MGG_00020,MGG_00020T0,4415242,4417054,1812
MGG_05116,MGG_05116T0,4653062,4655884,2822
MGG_12114,MGG_12114T0,2438217,2438698,481
MGG_11859,MGG_11859T0,2734517,2736366,1849
MGG_10322,MGG_10322T0,110726,112776,2050
MGG_05960,MGG_05960T0,2121253,2127582,6329
MGG_03126,MGG_03126T0,2981452,2983999,2547
MGG_12599,MGG_12599T0,1659283,1661633,2350
MGG_16845,MGG_16845T0,4353016,4353848,832
MGG_13019,MGG_13019T0,4908384,4909377,993
MGG_09367,MGG_09367T0,3535478,3536623,1145
MGG_06746,MGG_06746T0,2586475,2587175,700
MGG_07609,MGG_07609T0,1197235,1198162,927
MGG_06862,MGG_06862T1,3016024,3019380,3356
MGG_06862,MGG_06862T0,3016254,3019070,2816
MGG_05686,MGG_05686T0,6117871,6120070,2199
MGG_06340,MGG_06340T0,4097635,4098309,674
MGG_10216,MGG_10216T0,395045,396878,1833
MGG_03048,MGG_03048T0,501315,504766,3451
MGG_05108,MGG_05108T0,4623670,4624305,635
MGG_17870,MGG_17870T0,298410,298791,381
MGG_03116,MGG_03116T0,3020439,3023526,3087
MGG_05101,MGG_05101T0,4609060,4610465,1405
MGG_12137,MGG_12137T0,2110846,2112742,1896
MGG_02392,MGG_02392T0,1673905,1674361,456
MGG_01328,MGG_01328T0,3114666,3115877,1211
MGG_11040,MGG_11040T0,5443922,5445811,1889
MGG_06257,MGG_06257T0,4382150,4384646,2496
MGG_01991,MGG_01991T0,162587,164737,2150
MGG_06723,MGG_06723T0,2513963,2514860,897
MGG_03418,MGG_03418T0,1937686,1939836,2150
MGG_09946,MGG_09946T0,4442095,4443542,1447
MGG_03502,MGG_03502T0,1669286,1671964,2678
MGG_09516,MGG_09516T0,3417457,3420496,3039
MGG_02273,MGG_02273T0,1225925,1226720,795
MGG_09539,MGG_09539T0,3334916,3336588,1672
MGG_16201,MGG_16201T0,3114383,3116033,1650
MGG_17706,MGG_17706T0,2166971,2167324,353
MGG_02763,MGG_02763T0,1602135,1604539,2404
MGG_14793,MGG_14793T0,3967514,3968003,489
MGG_09793,MGG_09793T0,4107318,4108248,930
MGG_07244,MGG_07244T0,6929492,6930755,1263
MGG_11472,MGG_11472T0,1200784,1201746,962
MGG_07335,MGG_07335T0,7301369,7304443,3074
MGG_06131,MGG_06131T1,2673639,2677115,3476
MGG_06131,MGG_06131T0,2673639,2677115,3476
MGG_06131,MGG_06131T2,2673639,2677115,3476
MGG_14388,MGG_14388T0,4282,4975,693
MGG_17851,MGG_17851T0,101571,102244,673
MGG_04892,MGG_04892T0,3867535,3868096,561
MGG_16071,MGG_16071T0,1064430,1064738,308
MGG_07711,MGG_07711T0,5498178,5500694,2516
MGG_03208,MGG_03208T0,2686771,2689647,2876
MGG_06968,MGG_06968T0,3404861,3407353,2492
MGG_16345,MGG_16345T0,5055988,5056800,812
MGG_17239,MGG_17239T0,4831098,4831615,517
MGG_16959,MGG_16959T0,6180451,6180756,305
MGG_15085,MGG_15085T0,6992514,6996236,3722
MGG_09926,MGG_09926T0,4364015,4366782,2767
MGG_17060,MGG_17060T1,1256410,1262257,5847
MGG_17060,MGG_17060T0,1258004,1261454,3450
MGG_09968,MGG_09968T0,5120230,5121173,943
MGG_11685,MGG_11685T0,4300135,4302187,2052
MGG_02125,MGG_02125T0,640259,642154,1895
MGG_01318,MGG_01318T0,3086294,3087637,1343
MGG_16743,MGG_16743T0,2352637,2356447,3810
MGG_01867,MGG_01867T0,5152667,5155251,2584
MGG_10803,MGG_10803T0,7439128,7440758,1630
MGG_08467,MGG_08467T0,318464,319699,1235
MGG_14270,MGG_14270T0,7712145,7714552,2407
MGG_02043,MGG_02043T0,351965,353190,1225
MGG_16661,MGG_16661T0,1112221,1113502,1281
MGG_14438,MGG_14438T0,1344967,1345457,490
MGG_15168,MGG_15168T0,6345285,6346545,1260
MGG_10204,MGG_10204T0,1756631,1757888,1257
MGG_02518,MGG_02518T0,2178691,2181970,3279
MGG_08562,MGG_08562T0,673180,675910,2730
MGG_03508,MGG_03508T0,1654334,1657369,3035
MGG_06843,MGG_06843T0,2959240,2961797,2557
MGG_03506,MGG_03506T0,1660843,1662672,1829
MGG_17556,MGG_17556T0,2025,2525,500
MGG_15728,MGG_15728T0,3902741,3905510,2769
MGG_01012,MGG_01012T0,825329,829847,4518
MGG_03093,MGG_03093T0,328465,329914,1449
MGG_14706,MGG_14706T0,3566523,3567777,1254
MGG_08276,MGG_08276T0,8039187,8041139,1952
MGG_01233,MGG_01233T1,2777514,2780191,2677
MGG_01233,MGG_01233T0,2777514,2780191,2677
MGG_10183,MGG_10183T0,1681863,1683780,1917
MGG_09139,MGG_09139T0,57169,60032,2863
MGG_08313,MGG_08313T0,7905160,7906544,1384
MGG_10663,MGG_10663T0,4581078,4582865,1787
MGG_07517,MGG_07517T0,895434,898705,3271
MGG_09055,MGG_09055T0,2549731,2551125,1394
MGG_00362,MGG_00362T0,3125140,3126906,1766
MGG_11561,MGG_11561T0,2555800,2561790,5990
MGG_09540,MGG_09540T0,3331617,3334674,3057
MGG_04956,MGG_04956T0,4062962,4065356,2394
MGG_09193,MGG_09193T0,3691516,3693894,2378
MGG_00779,MGG_00779T0,1659587,1661946,2359
MGG_05575,MGG_05575T0,5695668,5696561,893
MGG_03509,MGG_03509T0,1650649,1652220,1571
MGG_01244,MGG_01244T0,2822940,2827111,4171
MGG_03427,MGG_03427T0,1903830,1905624,1794
MGG_06538,MGG_06538T0,3353003,3353851,848
MGG_06832,MGG_06832T0,2919178,2921521,2343
MGG_05572,MGG_05572T0,5688050,5691019,2969
MGG_17840,MGG_17840T0,3988838,3989800,962
MGG_07677,MGG_07677T0,1486680,1487459,779
MGG_16507,MGG_16507T0,6991634,6992821,1187
MGG_10676,MGG_10676T0,84253,85012,759
MGG_08108,MGG_08108T0,5716718,5717820,1102
MGG_04312,MGG_04312T0,1213081,1214445,1364
MGG_08055,MGG_08055T0,5546271,5547685,1414
MGG_03056,MGG_03056T0,471394,473720,2326
MGG_05941,MGG_05941T0,2049271,2051175,1904
MGG_15041,MGG_15041T0,2547905,2549171,1266
MGG_04641,MGG_04641T0,1112873,1114908,2035
MGG_03347,MGG_03347T0,2191141,2192677,1536
MGG_04544,MGG_04544T0,7267558,7269272,1714
MGG_13058,MGG_13058T0,5190600,5193667,3067
MGG_17298,MGG_17298T0,84277,84936,659
MGG_16733,MGG_16733T0,2234378,2236835,2457
MGG_08943,MGG_08943T0,2220588,2222379,1791
MGG_05045,MGG_05045T0,4404058,4404898,840
MGG_10289,MGG_10289T0,225599,227599,2000
MGG_00343,MGG_00343T0,3191170,3194347,3177
MGG_01891,MGG_01891T0,5237760,5238829,1069
MGG_04328,MGG_04328T0,1159235,1161115,1880
MGG_16966,MGG_16966T0,6261363,6262974,1611
MGG_06434,MGG_06434T0,3750192,3751219,1027
MGG_16809,MGG_16809T0,3627630,3628092,462
MGG_08291,MGG_08291T0,7988762,7989306,544
MGG_04411,MGG_04411T0,740620,741323,703
MGG_17260,MGG_17260T0,5142531,5142833,302
MGG_07402,MGG_07402T0,481523,482883,1360
MGG_15680,MGG_15680T0,3256372,3257343,971
MGG_15740,MGG_15740T0,4194654,4195479,825
MGG_04629,MGG_04629T0,7049641,7054409,4768
MGG_06045,MGG_06045T0,2386693,2388063,1370
MGG_16470,MGG_16470T0,6482390,6482852,462
MGG_00257,MGG_00257T0,3507005,3508382,1377
MGG_03360,MGG_03360T0,2140567,2143545,2978
MGG_06866,MGG_06866T0,3028417,3030059,1642
MGG_00544,MGG_00544T0,2518124,2518878,754
MGG_03481,MGG_03481T0,1724797,1727931,3134
MGG_17086,MGG_17086T0,1730217,1731350,1133
MGG_16283,MGG_16283T0,4210294,4210756,462
MGG_03852,MGG_03852T0,2820417,2822333,1916
MGG_17579,MGG_17579T0,353926,354490,564
MGG_15505,MGG_15505T0,184878,186028,1150
MGG_02216,MGG_02216T1,7468334,7470031,1697
MGG_02216,MGG_02216T0,7468334,7470031,1697
MGG_15787,MGG_15787T0,5252666,5254204,1538
MGG_14814,MGG_14814T0,4562482,4564609,2127
MGG_01764,MGG_01764T0,4753582,4755186,1604
MGG_02056,MGG_02056T0,414777,417691,2914
MGG_17057,MGG_17057T0,1221139,1222366,1227
MGG_15362,MGG_15362T0,495175,495910,735
MGG_09674,MGG_09674T0,2980109,2981934,1825
MGG_13033,MGG_13033T0,5033560,5035361,1801
MGG_14404,MGG_14404T0,4530559,4532739,2180
MGG_02272,MGG_02272T0,1223228,1224871,1643
MGG_17834,MGG_17834T0,3873438,3874256,818
MGG_16624,MGG_16624T0,556508,556771,263
MGG_05607,MGG_05607T0,5834059,5836772,2713
MGG_10356,MGG_10356T0,13745,15214,1469
MGG_00097,MGG_00097T0,4147387,4149294,1907
MGG_09156,MGG_09156T0,45386,47322,1936
MGG_00778,MGG_00778T0,1662143,1664222,2079
MGG_16320,MGG_16320T0,4747669,4747984,315
MGG_07733,MGG_07733T0,5559978,5561103,1125
MGG_12646,MGG_12646T0,2157070,2161065,3995
MGG_06320,MGG_06320T0,4167716,4172804,5088
MGG_16756,MGG_16756T0,2528718,2532087,3369
MGG_00697,MGG_00697T0,1944616,1946033,1417
MGG_05683,MGG_05683T0,6106830,6111943,5113
MGG_07346,MGG_07346T0,7345406,7346584,1178
MGG_00266,MGG_00266T0,3470340,3471323,983
MGG_18023,MGG_18023T0,2311725,2312066,341
MGG_09029,MGG_09029T0,2646350,2647960,1610
MGG_10312,MGG_10312T0,160839,163047,2208
MGG_13974,MGG_13974T0,453595,453954,359
MGG_16005,MGG_16005T0,275467,276201,734
MGG_10299,MGG_10299T0,200975,201926,951
MGG_17414,MGG_17414T0,2324773,2325112,339
MGG_04458,MGG_04458T0,855390,856943,1553
MGG_09778,MGG_09778T0,5210018,5212474,2456
MGG_16663,MGG_16663T0,1133694,1133977,283
MGG_05209,MGG_05209T0,4969262,4972719,3457
MGG_14831,MGG_14831T0,4727521,4735490,7969
MGG_00467,MGG_00467T0,2792794,2796063,3269
MGG_01679,MGG_01679T0,4440954,4442105,1151
MGG_09706,MGG_09706T0,5431375,5433745,2370
MGG_02218,MGG_02218T0,978596,979600,1004
MGG_10334,MGG_10334T0,66108,68154,2046
MGG_11915,MGG_11915T0,1721715,1721981,266
MGG_00884,MGG_00884T0,1252569,1255384,2815
MGG_14737,MGG_14737T0,596943,598790,1847
MGG_12300,MGG_12300T0,5876463,5878523,2060
MGG_01006,MGG_01006T0,846406,847556,1150
MGG_08983,MGG_08983T0,2366817,2368288,1471
MGG_04648,MGG_04648T0,1130902,1133200,2298
MGG_13192,MGG_13192T0,2799343,2802321,2978
MGG_03705,MGG_03705T0,959801,963159,3358
MGG_00839,MGG_00839T0,1435257,1436601,1344
MGG_01506,MGG_01506T0,3849072,3850723,1651
MGG_09734,MGG_09734T0,5359661,5363869,4208
MGG_17090,MGG_17090T0,1813197,1813782,585
MGG_03930,MGG_03930T0,2530080,2530753,673
MGG_09412,MGG_09412T0,3363182,3366351,3169
MGG_10477,MGG_10477T0,367484,368433,949
MGG_01311,MGG_01311T0,3063434,3066720,3286
MGG_11674,MGG_11674T0,4170304,4171256,952
MGG_07202,MGG_07202T0,6745651,6748078,2427
MGG_09964,MGG_09964T0,5133368,5135572,2204
MGG_03494,MGG_03494T0,1688851,1690991,2140
MGG_01977,MGG_01977T0,112793,115063,2270
MGG_18028,MGG_18028T0,2350099,2350697,598
MGG_16239,MGG_16239T0,3551644,3552866,1222
MGG_05248,MGG_05248T0,5147450,5148999,1549
MGG_09833,MGG_09833T0,3967172,3969282,2110
MGG_10856,MGG_10856T0,6509322,6510265,943
MGG_04185,MGG_04185T0,1673236,1677529,4293
MGG_14703,MGG_14703T0,3383773,3385084,1311
MGG_12392,MGG_12392T0,7005704,7009724,4020
MGG_04806,MGG_04806T0,1468996,1470660,1664
MGG_09303,MGG_09303T0,4150396,4154256,3860
MGG_16116,MGG_16116T0,1689812,1694452,4640
MGG_05528,MGG_05528T0,5517021,5518448,1427
MGG_16061,MGG_16061T0,959101,959665,564
MGG_16830,MGG_16830T0,3993092,3995998,2906
MGG_03374,MGG_03374T0,2104122,2105708,1586
MGG_08647,MGG_08647T0,7667174,7668680,1506
MGG_17496,MGG_17496T0,3586660,3587498,838
MGG_15293,MGG_15293T0,7449314,7450606,1292
MGG_11216,MGG_11216T0,3383993,3386822,2829
MGG_14609,MGG_14609T0,381703,383049,1346
MGG_05044,MGG_05044T0,4397062,4402374,5312
MGG_09902,MGG_09902T0,4281230,4282411,1181
MGG_17938,MGG_17938T0,1114845,1116286,1441
MGG_16374,MGG_16374T0,5378039,5379762,1723
MGG_07885,MGG_07885T0,6149757,6152424,2667
MGG_14151,MGG_14151T0,60074,62621,2547
MGG_14667,MGG_14667T0,2158127,2159563,1436
MGG_12163,MGG_12163T0,1735204,1735939,735
MGG_01423,MGG_01423T0,3479368,3481955,2587
MGG_13948,MGG_13948T0,273380,274744,1364
MGG_00294,MGG_00294T0,3377612,3379624,2012
MGG_08287,MGG_08287T0,7997015,7999136,2121
MGG_08287,MGG_08287T1,7997015,7999136,2121
MGG_10321,MGG_10321T0,115984,117756,1772
MGG_02517,MGG_02517T0,2174588,2178540,3952
MGG_17459,MGG_17459T0,2957001,2957712,711
MGG_05570,MGG_05570T0,5684010,5685054,1044
MGG_17954,MGG_17954T0,1347780,1348739,959
MGG_17857,MGG_17857T0,189033,189549,516
MGG_15350,MGG_15350T0,352363,352812,449
MGG_12679,MGG_12679T0,2597948,2599596,1648
MGG_02922,MGG_02922T0,1022601,1024565,1964
MGG_03225,MGG_03225T0,2630055,2632807,2752
MGG_08589,MGG_08589T0,786381,788212,1831
MGG_07287,MGG_07287T0,7107865,7111374,3509
MGG_15964,MGG_15964T0,8121703,8122359,656
MGG_05600,MGG_05600T0,5806807,5809596,2789
MGG_08464,MGG_08464T0,306312,307475,1163
MGG_17982,MGG_17982T0,1737994,1739776,1782
MGG_00529,MGG_00529T0,2588732,2593492,4760
MGG_04332,MGG_04332T0,1149149,1150249,1100
MGG_03178,MGG_03178T0,2796726,2799302,2576
MGG_02692,MGG_02692T0,1860983,1862461,1478
MGG_05938,MGG_05938T0,2041548,2043003,1455
MGG_10774,MGG_10774T0,120478,121095,617
MGG_03881,MGG_03881T0,2721796,2726137,4341
MGG_07937,MGG_07937T0,6297508,6298810,1302
MGG_16744,MGG_16744T0,2356375,2360053,3678
MGG_15040,MGG_15040T0,2540796,2542388,1592
MGG_17832,MGG_17832T0,3855627,3856347,720
MGG_10766,MGG_10766T0,99134,101457,2323
MGG_11343,MGG_11343T0,1598986,1601675,2689
MGG_15263,MGG_15263T0,6211868,6213206,1338
MGG_00844,MGG_00844T0,1422245,1425594,3349
MGG_01578,MGG_01578T0,4069441,4071729,2288
MGG_18120,MGG_18120T0,235600,236144,544
MGG_03067,MGG_03067T0,405163,410698,5535
MGG_00174,MGG_00174T0,3864672,3867707,3035
MGG_02234,MGG_02234T0,1088680,1089434,754
MGG_17520,MGG_17520T0,3854710,3854964,254
MGG_16610,MGG_16610T0,433230,434563,1333
MGG_16410,MGG_16410T0,5691858,5694792,2934
MGG_09330,MGG_09330T0,3658407,3660362,1955
MGG_10447,MGG_10447T0,273275,275075,1800
MGG_13510,MGG_13510T0,1284940,1287203,2263
MGG_16237,MGG_16237T0,3538047,3540488,2441
MGG_07103,MGG_07103T0,6374649,6379768,5119
MGG_10051,MGG_10051T0,4793059,4794502,1443
MGG_17049,MGG_17049T0,890304,892130,1826
MGG_16509,MGG_16509T0,7027086,7028143,1057
MGG_12828,MGG_12828T0,3597340,3599896,2556
MGG_10187,MGG_10187T0,1689939,1693298,3359
MGG_01052,MGG_01052T0,670734,673381,2647
MGG_06220,MGG_06220T0,2988012,2989340,1328
MGG_15531,MGG_15531T0,661107,661786,679
MGG_07220,MGG_07220T0,6851130,6853007,1877
MGG_09916,MGG_09916T0,4328196,4329917,1721
MGG_17580,MGG_17580T0,359802,360779,977
MGG_01298,MGG_01298T0,3018968,3020522,1554
MGG_18091,MGG_18091T0,3302793,3303149,356
MGG_16789,MGG_16789T0,3193540,3194136,596
MGG_09360,MGG_09360T0,3554370,3556130,1760
MGG_10701,MGG_10701T0,3778476,3779591,1115
MGG_16928,MGG_16928T0,5731837,5732321,484
MGG_03416,MGG_03416T0,1942770,1943494,724
MGG_03746,MGG_03746T0,3199621,3200906,1285
MGG_14711,MGG_14711T0,3666132,3668607,2475
MGG_01110,MGG_01110T0,484435,485432,997
MGG_01690,MGG_01690T0,4469092,4470400,1308
MGG_08214,MGG_08214T0,8273926,8274398,472
MGG_17025,MGG_17025T0,379262,379850,588
MGG_02720,MGG_02720T0,1752484,1753560,1076
MGG_05157,MGG_05157T0,4786773,4787808,1035
MGG_16076,MGG_16076T0,1140761,1141469,708
MGG_16379,MGG_16379T0,5427157,5427537,380
MGG_04831,MGG_04831T0,1514894,1519034,4140
MGG_08152,MGG_08152T0,5869162,5870871,1709
MGG_10685,MGG_10685T0,52295,55088,2793
MGG_10916,MGG_10916T0,25060,27571,2511
MGG_08367,MGG_08367T0,7682876,7686370,3494
MGG_00867,MGG_00867T0,1324268,1325442,1174
MGG_08663,MGG_08663T0,7718823,7721811,2988
MGG_01292,MGG_01292T0,3000603,3003030,2427
MGG_07912,MGG_07912T0,6227669,6229757,2088
MGG_07398,MGG_07398T0,440595,441011,416
MGG_15367,MGG_15367T0,570350,570820,470
MGG_00296,MGG_00296T0,3371251,3374088,2837
MGG_10371,MGG_10371T0,486496,487418,922
MGG_05940,MGG_05940T0,2046997,2048493,1496
MGG_10806,MGG_10806T0,7473165,7476369,3204
MGG_02719,MGG_02719T0,1757375,1760180,2805
MGG_03389,MGG_03389T0,2053967,2055863,1896
MGG_08346,MGG_08346T0,7755087,7756466,1379
MGG_17639,MGG_17639T0,1251323,1252038,715
MGG_01997,MGG_01997T0,177112,178412,1300
MGG_16425,MGG_16425T0,5873909,5876050,2141
MGG_13884,MGG_13884T0,6064103,6064824,721
MGG_04070,MGG_04070T0,2053773,2056391,2618
MGG_02095,MGG_02095T0,549746,551004,1258
MGG_18080,MGG_18080T0,3168907,3169369,462
MGG_13308,MGG_13308T0,3027387,3029486,2099
MGG_00215,MGG_00215T0,3644516,3645530,1014
MGG_01114,MGG_01114T0,477580,479321,1741
MGG_06198,MGG_06198T0,2911667,2915224,3557
MGG_16267,MGG_16267T0,4061942,4062443,501
MGG_15935,MGG_15935T0,7741159,7741482,323
MGG_14595,MGG_14595T0,1097378,1098400,1022
MGG_08318,MGG_08318T0,7891274,7892747,1473
MGG_01667,MGG_01667T0,4391284,4392137,853
MGG_02521,MGG_02521T0,2192167,2194057,1890
MGG_16537,MGG_16537T0,7545797,7546324,527
MGG_17284,MGG_17284T0,5498444,5499821,1377
MGG_13782,MGG_13782T0,6980262,6982093,1831
MGG_07373,MGG_07373T0,356825,357490,665
MGG_07965,MGG_07965T0,6407372,6408641,1269
MGG_03597,MGG_03597T0,1325920,1328946,3026
MGG_06676,MGG_06676T0,2359578,2360582,1004
MGG_10429,MGG_10429T0,1042062,1044046,1984
MGG_12335,MGG_12335T0,6301705,6304679,2974
MGG_17288,MGG_17288T0,2486,3470,984
MGG_11317,MGG_11317T0,2007240,2010513,3273
MGG_14173,MGG_14173T0,3810008,3816378,6370
MGG_04608,MGG_04608T0,7102233,7106199,3966
MGG_06782,MGG_06782T0,2725152,2728181,3029
MGG_16630,MGG_16630T0,621350,622921,1571
MGG_15700,MGG_15700T0,3558789,3561085,2296
MGG_11999,MGG_11999T0,3610632,3612348,1716
MGG_06735,MGG_06735T0,2548294,2551310,3016
MGG_13591,MGG_13591T0,4690175,4697858,7683
MGG_04879,MGG_04879T0,3810887,3812405,1518
MGG_07646,MGG_07646T0,1315141,1317732,2591
MGG_13783,MGG_13783T0,6982367,6986377,4010
MGG_00156,MGG_00156T0,3919770,3920881,1111
MGG_10335,MGG_10335T0,63659,64003,344
MGG_10569,MGG_10569T0,2857281,2859431,2150
MGG_01906,MGG_01906T0,678866,680344,1478
MGG_17169,MGG_17169T0,3366306,3368307,2001
MGG_17814,MGG_17814T0,3692526,3693360,834
MGG_15461,MGG_15461T0,5572477,5573004,527
MGG_03432,MGG_03432T0,1888737,1891014,2277
MGG_03376,MGG_03376T0,2095415,2099540,4125
MGG_13798,MGG_13798T0,7127378,7129642,2264
MGG_12142,MGG_12142T0,2051526,2052287,761
MGG_11774,MGG_11774T0,3600956,3603724,2768
MGG_08542,MGG_08542T0,579118,582900,3782
MGG_10276,MGG_10276T0,210054,210650,596
MGG_05203,MGG_05203T0,4947864,4949870,2006
MGG_05446,MGG_05446T0,5247553,5249219,1666
MGG_04933,MGG_04933T0,3998136,4001208,3072
MGG_16924,MGG_16924T0,5715911,5717351,1440
MGG_07603,MGG_07603T0,1172160,1173128,968
MGG_08146,MGG_08146T0,5846898,5849569,2671
MGG_06129,MGG_06129T0,2668740,2669961,1221
MGG_02536,MGG_02536T0,2458593,2462159,3566
MGG_04451,MGG_04451T0,841919,842353,434
MGG_11063,MGG_11063T0,562080,564289,2209
MGG_05283,MGG_05283T0,5265945,5268015,2070
MGG_03330,MGG_03330T0,2237117,2239027,1910
MGG_05827,MGG_05827T0,1627114,1628442,1328
MGG_16941,MGG_16941T0,5920222,5920803,581
MGG_00579,MGG_00579T0,2427502,2428710,1208
MGG_09850,MGG_09850T0,3886874,3892417,5543
MGG_13787,MGG_13787T0,7007368,7007529,161
MGG_03491,MGG_03491T0,1696215,1698562,2347
MGG_07011,MGG_07011T0,3569415,3571668,2253
MGG_08670,MGG_08670T0,486179,487775,1596
MGG_18033,MGG_18033T0,2462819,2463398,579
MGG_00190,MGG_00190T0,3792375,3793905,1530
MGG_15303,MGG_15303T0,7049153,7049803,650
MGG_15145,MGG_15145T0,4695879,4697165,1286
MGG_05405,MGG_05405T0,5110392,5112009,1617
MGG_06392,MGG_06392T0,3906682,3908765,2083
MGG_05170,MGG_05170T0,4832383,4833909,1526
MGG_16990,MGG_16990T0,6587114,6588795,1681
MGG_09743,MGG_09743T0,5334605,5335846,1241
MGG_12354,MGG_12354T0,6506027,6507225,1198
MGG_06544,MGG_06544T0,3335326,3337754,2428
MGG_09648,MGG_09648T0,3083269,3083995,726
MGG_17894,MGG_17894T0,708677,709335,658
MGG_11746,MGG_11746T0,3992914,3993592,678
MGG_13262,MGG_13262T0,1971358,1974149,2791
MGG_11351,MGG_11351T0,1454111,1457721,3610
MGG_17380,MGG_17380T0,1815810,1816732,922
MGG_16728,MGG_16728T0,2165326,2166973,1647
MGG_09486,MGG_09486T0,3515573,3516694,1121
MGG_17800,MGG_17800T0,3561973,3562556,583
MGG_16586,MGG_16586T0,40795,41498,703
MGG_01674,MGG_01674T0,4427747,4434712,6965
MGG_06360,MGG_06360T0,4028244,4033814,5570
MGG_13031,MGG_13031T0,5028014,5030618,2604
MGG_05530,MGG_05530T0,5520791,5522181,1390
MGG_08446,MGG_08446T0,234874,237048,2174
MGG_14513,MGG_14513T0,5246869,5248838,1969
MGG_00966,MGG_00966T0,977461,979646,2185
MGG_03677,MGG_03677T0,1047693,1049499,1806
MGG_09380,MGG_09380T0,3472589,3473772,1183
MGG_15036,MGG_15036T0,312682,313415,733
MGG_04013,MGG_04013T0,2234382,2235427,1045
MGG_04564,MGG_04564T0,7178444,7181958,3514
MGG_08372,MGG_08372T0,7667434,7667807,373
MGG_02339,MGG_02339T0,1453822,1454437,615
MGG_09146,MGG_09146T0,294127,295792,1665
MGG_10412,MGG_10412T0,984616,987741,3125
MGG_03044,MGG_03044T0,517080,518701,1621
MGG_03584,MGG_03584T0,1383267,1385439,2172
MGG_09459,MGG_09459T0,3607101,3608433,1332
MGG_14069,MGG_14069T0,436422,439844,3422
MGG_15121,MGG_15121T0,4394771,4396114,1343
MGG_00432,MGG_00432T0,2911199,2912691,1492
MGG_07737,MGG_07737T0,5575542,5583964,8422
MGG_07061,MGG_07061T0,6224824,6227667,2843
MGG_07744,MGG_07744T0,5608651,5610770,2119
MGG_01801,MGG_01801T0,4880450,4882936,2486
MGG_17797,MGG_17797T0,3520849,3521582,733
MGG_08747,MGG_08747T0,271040,271805,765
MGG_05657,MGG_05657T0,6003061,6004203,1142
MGG_15418,MGG_15418T0,7830135,7831208,1073
MGG_08546,MGG_08546T0,593840,594450,610
MGG_00906,MGG_00906T0,1181465,1182947,1482
MGG_04038,MGG_04038T0,2152276,2154564,2288
MGG_04074,MGG_04074T0,2044497,2046236,1739
MGG_09124,MGG_09124T0,122206,128656,6450
MGG_05643,MGG_05643T0,5949269,5955726,6457
MGG_07598,MGG_07598T0,1157263,1158843,1580
MGG_16209,MGG_16209T0,3184937,3186396,1459
MGG_01369,MGG_01369T0,3285747,3287792,2045
MGG_06650,MGG_06650T0,2285683,2288124,2441
MGG_02120,MGG_02120T0,624601,626594,1993
MGG_02112,MGG_02112T0,588846,590368,1522
MGG_03457,MGG_03457T0,1801158,1802000,842
MGG_11732,MGG_11732T0,4104778,4106771,1993
MGG_02665,MGG_02665T0,1982609,1989019,6410
MGG_17577,MGG_17577T0,290394,291350,956
MGG_08429,MGG_08429T0,169922,172675,2753
MGG_09392,MGG_09392T0,3434642,3438387,3745
MGG_15094,MGG_15094T0,7505873,7507573,1700
MGG_00849,MGG_00849T0,1405081,1407212,2131
MGG_17108,MGG_17108T0,2147955,2148208,253
MGG_06953,MGG_06953T0,3355873,3356860,987
MGG_07723,MGG_07723T0,5531575,5533419,1844
MGG_09220,MGG_09220T0,3811848,3812228,380
MGG_13713,MGG_13713T0,647003,647851,848
MGG_07462,MGG_07462T0,728403,730331,1928
MGG_04468,MGG_04468T0,7397690,7401628,3938
MGG_14377,MGG_14377T0,525666,526153,487
MGG_04660,MGG_04660T0,1184263,1186458,2195
MGG_04170,MGG_04170T0,1728469,1730719,2250
MGG_02595,MGG_02595T0,2254748,2258489,3741
MGG_15807,MGG_15807T0,5474364,5476054,1690
MGG_01502,MGG_01502T0,3838923,3841824,2901
MGG_10494,MGG_10494T0,421742,424314,2572
MGG_03202,MGG_03202T0,2708359,2709549,1190
MGG_02764,MGG_02764T0,1599726,1601947,2221
MGG_05466,MGG_05466T0,5312837,5316015,3178
MGG_00390,MGG_00390T0,3028826,3029605,779
MGG_03956,MGG_03956T0,2436738,2437837,1099
MGG_10071,MGG_10071T0,4739085,4740683,1598
MGG_00373,MGG_00373T0,3085047,3089634,4587
MGG_09480,MGG_09480T0,3542586,3543980,1394
MGG_17920,MGG_17920T0,982663,983676,1013
MGG_02843,MGG_02843T0,1305803,1308195,2392
MGG_01887,MGG_01887T0,5215772,5219631,3859
MGG_00260,MGG_00260T0,3498496,3499755,1259
MGG_00949,MGG_00949T0,1027666,1029868,2202
MGG_13449,MGG_13449T0,1443724,1445858,2134
MGG_12745,MGG_12745T0,2580729,2582975,2246
MGG_07150,MGG_07150T0,6553881,6557868,3987
MGG_13894,MGG_13894T0,6144058,6146030,1972
MGG_10744,MGG_10744T0,84032,86406,2374
MGG_09384,MGG_09384T0,3460879,3462793,1914
MGG_10530,MGG_10530T0,4753929,4756237,2308
MGG_12869,MGG_12869T0,4336631,4340287,3656
MGG_04674,MGG_04674T0,1232895,1236680,3785
MGG_00746,MGG_00746T0,1783816,1789177,5361
MGG_01654,MGG_01654T0,4348523,4351291,2768
MGG_08595,MGG_08595T0,807204,808730,1526
MGG_12739,MGG_12739T0,2496142,2498325,2183
MGG_16746,MGG_16746T0,2375916,2377141,1225
MGG_01670,MGG_01670T0,4399332,4401810,2478
MGG_04319,MGG_04319T0,1197187,1198690,1503
MGG_00123,MGG_00123T0,4057888,4062504,4616
MGG_04946,MGG_04946T0,4039708,4041163,1455
MGG_11026,MGG_11026T0,2921847,2924596,2749
MGG_09627,MGG_09627T0,3153155,3153706,551
MGG_01219,MGG_01219T0,2719109,2720511,1402
MGG_03141,MGG_03141T0,2921619,2923953,2334
MGG_01392,MGG_01392T0,3372048,3372730,682
MGG_13775,MGG_13775T0,6898688,6899415,727
MGG_17655,MGG_17655T0,1343327,1344395,1068
MGG_03027,MGG_03027T0,592387,594894,2507
MGG_05143,MGG_05143T0,4740183,4741469,1286
MGG_10070,MGG_10070T0,4741359,4743151,1792
MGG_03414,MGG_03414T0,1947199,1948565,1366
MGG_00802,MGG_00802T0,1565999,1567594,1595
MGG_17051,MGG_17051T0,1034391,1034752,361
MGG_15125,MGG_15125T0,4508081,4508554,473
MGG_06127,MGG_06127T0,2665759,2667331,1572
MGG_10926,MGG_10926T0,174489,175570,1081
MGG_17110,MGG_17110T0,2157799,2158141,342
MGG_06523,MGG_06523T0,3422020,3423990,1970
MGG_07027,MGG_07027T0,6138356,6146029,7673
MGG_15642,MGG_15642T0,2694141,2694485,344
MGG_06461,MGG_06461T0,3657902,3659961,2059
MGG_09514,MGG_09514T0,3424454,3426320,1866
MGG_03964,MGG_03964T0,2410389,2413318,2929
MGG_06964,MGG_06964T0,3392674,3394373,1699
MGG_17537,MGG_17537T0,4147115,4148088,973
MGG_16759,MGG_16759T0,2646217,2646546,329
MGG_04556,MGG_04556T0,7220934,7222831,1897
MGG_15185,MGG_15185T0,126138,127429,1291
MGG_15392,MGG_15392T0,3333510,3335814,2304
MGG_02045,MGG_02045T0,358469,362320,3851
MGG_18115,MGG_18115T0,144663,145133,470
MGG_17871,MGG_17871T0,356731,358928,2197
MGG_09199,MGG_09199T0,3712155,3714298,2143
MGG_02593,MGG_02593T0,2261925,2263438,1513
MGG_00810,MGG_00810T0,1530757,1533032,2275
MGG_00937,MGG_00937T0,1060185,1066218,6033
MGG_01100,MGG_01100T0,512513,514552,2039
MGG_16469,MGG_16469T0,6475295,6475757,462
MGG_06861,MGG_06861T0,3014527,3015199,672
MGG_05176,MGG_05176T0,4846979,4850188,3209
MGG_17709,MGG_17709T0,2196363,2196852,489
MGG_03465,MGG_03465T0,1767066,1769458,2392
MGG_14400,MGG_14400T0,4586,8604,4018
MGG_17745,MGG_17745T0,2916721,2917170,449
MGG_00181,MGG_00181T0,3828785,3830359,1574
MGG_03413,MGG_03413T0,1952701,1955430,2729
MGG_15089,MGG_15089T0,7185425,7186366,941
MGG_03080,MGG_03080T0,366274,369604,3330
MGG_17900,MGG_17900T0,760520,764159,3639
MGG_15193,MGG_15193T0,397508,398802,1294
MGG_17501,MGG_17501T0,3626836,3627253,417
MGG_16562,MGG_16562T0,7867310,7867955,645
MGG_10265,MGG_10265T0,248392,250102,1710
MGG_14902,MGG_14902T0,1512594,1514571,1977
MGG_13172,MGG_13172T0,6395438,6398136,2698
MGG_12095,MGG_12095T0,2617932,2619619,1687
MGG_03983,MGG_03983T0,2332910,2334795,1885
MGG_04926,MGG_04926T0,3975910,3978497,2587
MGG_04087,MGG_04087T0,2011708,2013886,2178
MGG_13790,MGG_13790T0,7077949,7084407,6458
MGG_15225,MGG_15225T0,2961540,2962835,1295
MGG_11597,MGG_11597T0,3238257,3241477,3220
MGG_06635,MGG_06635T0,3037444,3039305,1861
MGG_11878,MGG_11878T0,2389946,2392733,2787
MGG_15874,MGG_15874T0,6714431,6715043,612
MGG_05944,MGG_05944T0,2058128,2060390,2262
MGG_07468,MGG_07468T0,743475,749221,5746
MGG_16219,MGG_16219T0,3336920,3339684,2764
MGG_04066,MGG_04066T0,2064605,2069502,4897
MGG_13805,MGG_13805T0,7209971,7211615,1644
MGG_03700,MGG_03700T0,978948,985016,6068
MGG_10247,MGG_10247T0,327297,328881,1584
MGG_16964,MGG_16964T0,6254266,6255434,1168
MGG_08988,MGG_08988T0,2384280,2386811,2531
MGG_07327,MGG_07327T0,7267551,7271939,4388
MGG_10042,MGG_10042T0,4829455,4830155,700
MGG_09942,MGG_09942T0,4428286,4430553,2267
MGG_05220,MGG_05220T0,5032666,5038363,5697
MGG_16407,MGG_16407T0,5665173,5665635,462
MGG_07135,MGG_07135T0,6497016,6497974,958
MGG_06008,MGG_06008T0,2266606,2267373,767
MGG_09109,MGG_09109T0,206231,207694,1463
MGG_16072,MGG_16072T0,1068768,1069800,1032
MGG_09364,MGG_09364T0,3547483,3548271,788
MGG_00896,MGG_00896T0,1206566,1210190,3624
MGG_08118,MGG_08118T0,5750363,5753268,2905
MGG_00594,MGG_00594T0,2362259,2369207,6948
MGG_03549,MGG_03549T0,1493791,1496668,2877
MGG_14095,MGG_14095T0,187119,187961,842
MGG_09923,MGG_09923T0,4353454,4355910,2456
MGG_05955,MGG_05955T0,2105665,2108707,3042
MGG_17363,MGG_17363T0,1479071,1479388,317
MGG_05464,MGG_05464T0,5309107,5312198,3091
MGG_06674,MGG_06674T0,2355951,2359260,3309
MGG_05038,MGG_05038T0,4377241,4379734,2493
MGG_14291,MGG_14291T0,3770984,3773045,2061
MGG_07271,MGG_07271T0,7037011,7038719,1708
MGG_06583,MGG_06583T0,3199603,3201550,1947
MGG_01521,MGG_01521T0,3892249,3893823,1574
MGG_04583,MGG_04583T0,7150679,7151925,1246
MGG_09554,MGG_09554T0,3291678,3293392,1714
MGG_15255,MGG_15255T0,5959330,5960072,742
MGG_16656,MGG_16656T0,1044719,1045450,731
MGG_02466,MGG_02466T0,1970926,1972494,1568
MGG_04240,MGG_04240T0,1445622,1447166,1544
MGG_18107,MGG_18107T0,87957,88712,755
MGG_16022,MGG_16022T0,410855,411153,298
MGG_06457,MGG_06457T0,3667028,3671660,4632
MGG_02240,MGG_02240T0,1106969,1111097,4128
MGG_03185,MGG_03185T0,2779320,2782413,3093
MGG_06992,MGG_06992T0,3496032,3499103,3071
MGG_00678,MGG_00678T0,2037473,2038803,1330
MGG_00788,MGG_00788T0,1617748,1619068,1320
MGG_03466,MGG_03466T0,1765767,1766469,702
MGG_07142,MGG_07142T0,6526627,6528079,1452
MGG_17299,MGG_17299T0,89326,89793,467
MGG_03870,MGG_03870T0,2769320,2772400,3080
MGG_16154,MGG_16154T0,2356912,2359278,2366
MGG_03121,MGG_03121T0,3001973,3005881,3908
MGG_17202,MGG_17202T0,4322978,4323775,797
MGG_05893,MGG_05893T0,1853454,1854240,786
MGG_17290,MGG_17290T0,28920,29237,317
MGG_16042,MGG_16042T0,723677,724634,957
MGG_06401,MGG_06401T0,3858256,3861188,2932
MGG_09414,MGG_09414T0,3358767,3359893,1126
MGG_15514,MGG_15514T0,282483,282963,480
MGG_04561,MGG_04561T0,7196346,7197582,1236
MGG_10098,MGG_10098T0,4672409,4674862,2453
MGG_09677,MGG_09677T0,2972676,2974553,1877
MGG_13428,MGG_13428T0,1163540,1165434,1894
MGG_13963,MGG_13963T0,357233,359354,2121
MGG_05413,MGG_05413T0,5137986,5140639,2653
MGG_06240,MGG_06240T0,4439247,4441717,2470
MGG_03648,MGG_03648T0,1133616,1135800,2184
MGG_17660,MGG_17660T0,1375054,1375668,614
MGG_04549,MGG_04549T0,7240764,7246004,5240
MGG_05197,MGG_05197T0,4921760,4925020,3260
MGG_05961,MGG_05961T0,2130527,2132573,2046
MGG_17192,MGG_17192T0,4128423,4128876,453
MGG_06356,MGG_06356T0,4045793,4047775,1982
MGG_08453,MGG_08453T0,258914,260814,1900
MGG_07235,MGG_07235T0,6907508,6908740,1232
MGG_05890,MGG_05890T0,1844203,1848622,4419
MGG_17563,MGG_17563T0,32013,32525,512
MGG_00061,MGG_00061T0,4259675,4260722,1047
MGG_12944,MGG_12944T0,4492614,4497236,4622
MGG_03624,MGG_03624T0,1218632,1219337,705
MGG_08596,MGG_08596T0,808938,810970,2032
MGG_02342,MGG_02342T0,1461740,1464389,2649
MGG_11634,MGG_11634T0,3654989,3658408,3419
MGG_03343,MGG_03343T0,2196967,2199965,2998
MGG_03711,MGG_03711T0,942221,944373,2152
MGG_09018,MGG_09018T0,2692389,2694187,1798
MGG_00073,MGG_00073T0,4213827,4216856,3029
MGG_12086,MGG_12086T0,2737637,2738776,1139
MGG_16263,MGG_16263T0,3982004,3982468,464
MGG_07348,MGG_07348T0,7350382,7350870,488
MGG_05641,MGG_05641T0,5938304,5940001,1697
MGG_08982,MGG_08982T0,2363070,2364071,1001
MGG_10679,MGG_10679T0,76082,76971,889
MGG_08143,MGG_08143T0,5840253,5842799,2546
MGG_10318,MGG_10318T0,140617,141385,768
MGG_05272,MGG_05272T0,5233440,5237001,3561
MGG_16278,MGG_16278T0,4154249,4155088,839
MGG_13481,MGG_13481T0,1044688,1047606,2918
MGG_03381,MGG_03381T0,2081794,2082594,800
MGG_04197,MGG_04197T0,1620353,1623165,2812
MGG_08989,MGG_08989T0,2387219,2388678,1459
MGG_18005,MGG_18005T0,2077276,2077632,356
MGG_00010,MGG_00010T0,4453288,4455595,2307
MGG_09667,MGG_09667T0,3017088,3018442,1354
MGG_13375,MGG_13375T0,516265,518196,1931
MGG_02490,MGG_02490T0,2063048,2064494,1446
MGG_02817,MGG_02817T0,1405146,1407814,2668
MGG_02088,MGG_02088T0,520338,526865,6527
MGG_17310,MGG_17310T0,327415,328353,938
MGG_17185,MGG_17185T0,3856431,3856842,411
MGG_15577,MGG_15577T0,1521372,1522925,1553
MGG_05924,MGG_05924T0,1985409,1987467,2058
MGG_14557,MGG_14557T0,3673231,3673737,506
MGG_08685,MGG_08685T0,464537,465103,566
MGG_16690,MGG_16690T0,1556867,1557643,776
MGG_16526,MGG_16526T0,7431813,7432618,805
MGG_03527,MGG_03527T0,1591356,1594784,3428
MGG_06646,MGG_06646T0,2270463,2273102,2639
MGG_10297,MGG_10297T0,207191,209241,2050
MGG_04071,MGG_04071T0,2053467,2053693,226
MGG_05265,MGG_05265T0,5212333,5216563,4230
MGG_08053,MGG_08053T0,5542284,5544198,1914
MGG_02268,MGG_02268T0,1209989,1211926,1937
MGG_09484,MGG_09484T0,3521548,3525629,4081
MGG_08765,MGG_08765T0,195636,201457,5821
MGG_11236,MGG_11236T0,3055613,3058681,3068
MGG_00137,MGG_00137T0,3991016,3995223,4207
MGG_08692,MGG_08692T0,445826,448288,2462
MGG_17320,MGG_17320T0,538335,538709,374
MGG_10259,MGG_10259T0,269854,270534,680
MGG_03000,MGG_03000T0,694671,698304,3633
MGG_09130,MGG_09130T0,96082,98987,2905
MGG_00148,MGG_00148T0,3949428,3950609,1181
MGG_17420,MGG_17420T0,2399671,2401236,1565
MGG_16233,MGG_16233T0,3479794,3481385,1591
MGG_15621,MGG_15621T0,2274268,2275230,962
MGG_15601,MGG_15601T0,1956637,1961841,5204
MGG_02723,MGG_02723T0,1742416,1744052,1636
MGG_17082,MGG_17082T0,1657602,1658043,441
MGG_09840,MGG_09840T0,3933291,3934801,1510
MGG_02791,MGG_02791T0,1492679,1493065,386
MGG_06585,MGG_06585T0,3191385,3192811,1426
MGG_06293,MGG_06293T0,4262442,4263505,1063
MGG_09965,MGG_09965T0,5126053,5129253,3200
MGG_03201,MGG_03201T0,2711885,2715489,3604
MGG_12307,MGG_12307T0,5971248,5972507,1259
MGG_03532,MGG_03532T0,1566252,1570170,3918
MGG_07458,MGG_07458T0,707140,710526,3386
MGG_15525,MGG_15525T0,505390,508901,3511
MGG_16788,MGG_16788T0,3191967,3192657,690
MGG_01077,MGG_01077T0,585400,587673,2273
MGG_01444,MGG_01444T0,3547031,3549119,2088
MGG_04684,MGG_04684T0,6966342,6968724,2382
MGG_05260,MGG_05260T0,5181651,5187543,5892
MGG_03396,MGG_03396T0,2033916,2036901,2985
MGG_07293,MGG_07293T0,7131497,7133803,2306
MGG_08154,MGG_08154T0,5879014,5879976,962
MGG_15652,MGG_15652T0,2821739,2822220,481
MGG_04343,MGG_04343T0,1095556,1097116,1560
MGG_17338,MGG_17338T0,1068041,1068604,563
MGG_09241,MGG_09241T0,3890399,3892411,2012
MGG_02502,MGG_02502T0,2125790,2127869,2079
MGG_07068,MGG_07068T0,6253696,6255317,1621
MGG_02953,MGG_02953T0,877648,879110,1462
MGG_09439,MGG_09439T0,3277235,3278148,913
MGG_00770,MGG_00770T0,1694024,1696179,2155
MGG_12272,MGG_12272T0,5620926,5621915,989
MGG_15808,MGG_15808T0,5489554,5490841,1287
MGG_00062,MGG_00062T0,4254934,4258034,3100
MGG_01310,MGG_01310T0,3061777,3063551,1774
MGG_04539,MGG_04539T0,968795,969289,494
MGG_06689,MGG_06689T0,2401718,2404317,2599
MGG_04489,MGG_04489T0,7323661,7325806,2145
MGG_15681,MGG_15681T0,3275500,3276718,1218
MGG_04687,MGG_04687T0,6951340,6952968,1628
MGG_02432,MGG_02432T0,1837115,1840916,3801
MGG_08851,MGG_08851T0,1869533,1871593,2060
MGG_03653,MGG_03653T0,1121920,1123602,1682
MGG_16419,MGG_16419T0,5830874,5833862,2988
MGG_03213,MGG_03213T0,2667538,2670128,2590
MGG_14604,MGG_14604T0,572123,572509,386
MGG_17514,MGG_17514T0,3798479,3800912,2433
MGG_08554,MGG_08554T0,637934,640220,2286
MGG_01086,MGG_01086T0,560715,562381,1666
MGG_00547,MGG_00547T0,2511869,2513370,1501
MGG_04846,MGG_04846T0,3695055,3695907,852
MGG_07155,MGG_07155T0,6571519,6576491,4972
MGG_07180,MGG_07180T0,6659183,6660432,1249
MGG_00457,MGG_00457T0,2823840,2825596,1756
MGG_06088,MGG_06088T0,2537375,2538764,1389
MGG_15778,MGG_15778T0,4972553,4972759,206
MGG_00512,MGG_00512T0,2631054,2631997,943
MGG_01922,MGG_01922T0,641283,642742,1459
MGG_15271,MGG_15271T0,1955680,1956215,535
MGG_15857,MGG_15857T0,6449045,6449809,764
MGG_02318,MGG_02318T0,1372666,1373789,1123
MGG_03038,MGG_03038T0,557562,560354,2792
MGG_10408,MGG_10408T0,971566,973252,1686
MGG_04112,MGG_04112T0,1923316,1925203,1887
MGG_17092,MGG_17092T0,1825386,1825766,380
MGG_07294,MGG_07294T0,7134083,7136000,1917
MGG_16694,MGG_16694T0,1575824,1576286,462
MGG_07043,MGG_07043T0,6176062,6177574,1512
MGG_08173,MGG_08173T0,5944584,5947723,3139
MGG_07595,MGG_07595T0,1147001,1148977,1976
MGG_01033,MGG_01033T0,735442,737484,2042
MGG_08619,MGG_08619T0,7591661,7592836,1175
MGG_09572,MGG_09572T0,3227775,3228641,866
MGG_17254,MGG_17254T0,5033406,5034116,710
MGG_07844,MGG_07844T0,6007192,6008779,1587
MGG_15987,MGG_15987T0,78452,80047,1595
MGG_14697,MGG_14697T0,3155375,3156329,954
MGG_12664,MGG_12664T0,2382678,2384103,1425
MGG_05320,MGG_05320T0,5400234,5403319,3085
MGG_15535,MGG_15535T0,709802,714017,4215
MGG_00130,MGG_00130T0,4037230,4039309,2079
MGG_12203,MGG_12203T0,1291940,1293705,1765
MGG_15093,MGG_15093T0,7503354,7505535,2181
MGG_04907,MGG_04907T0,3911110,3912500,1390
MGG_05750,MGG_05750T0,6390925,6392489,1564
MGG_16480,MGG_16480T0,6627419,6628275,856
MGG_14714,MGG_14714T0,3691758,3694572,2814
MGG_03609,MGG_03609T0,1275860,1276520,660
MGG_09288,MGG_09288T0,4114530,4114762,232
MGG_08374,MGG_08374T0,7663473,7665055,1582
MGG_10497,MGG_10497T0,428161,429381,1220
MGG_04195,MGG_04195T0,1631952,1635020,3068
MGG_06304,MGG_06304T0,4224587,4226269,1682
MGG_16899,MGG_16899T0,5228272,5228702,430
MGG_04404,MGG_04404T0,7503845,7505783,1938
MGG_15241,MGG_15241T0,1809510,1811178,1668
MGG_14179,MGG_14179T0,261019,261821,802
MGG_07675,MGG_07675T0,1482979,1484142,1163
MGG_10147,MGG_10147T0,1607574,1610664,3090
MGG_11178,MGG_11178T0,4209598,4216967,7369
MGG_06275,MGG_06275T0,4327805,4330247,2442
MGG_15232,MGG_15232T0,2155215,2155714,499
MGG_16885,MGG_16885T0,5011455,5011917,462
MGG_05213,MGG_05213T0,4986150,4989140,2990
MGG_17651,MGG_17651T0,1320157,1320738,581
MGG_02142,MGG_02142T0,705397,709659,4262
MGG_04241,MGG_04241T0,1442974,1445123,2149
MGG_16589,MGG_16589T0,109554,110111,557
MGG_15000,MGG_15000T0,1073978,1079580,5602
MGG_02662,MGG_02662T0,1998443,2000152,1709
MGG_01367,MGG_01367T0,3282621,3283791,1170
MGG_09753,MGG_09753T0,5308759,5309571,812
MGG_17978,MGG_17978T0,1703581,1705011,1430
MGG_05046,MGG_05046T0,4405321,4409096,3775
MGG_05945,MGG_05945T0,2061702,2063136,1434
MGG_03134,MGG_03134T0,2947380,2950704,3324
MGG_08254,MGG_08254T0,8102359,8103386,1027
MGG_17694,MGG_17694T0,2056668,2058245,1577
MGG_07181,MGG_07181T0,6660499,6661646,1147
MGG_10721,MGG_10721T0,3723428,3724580,1152
MGG_08289,MGG_08289T0,7991753,7993723,1970
MGG_06993,MGG_06993T0,3499293,3500674,1381
MGG_03754,MGG_03754T0,3170200,3172772,2572
MGG_01924,MGG_01924T0,636876,639229,2353
MGG_03542,MGG_03542T0,1531879,1536513,4634
MGG_04463,MGG_04463T0,7415249,7417884,2635
MGG_10452,MGG_10452T0,288189,289302,1113
MGG_15401,MGG_15401T0,334404,334876,472
MGG_03383,MGG_03383T0,2075561,2077502,1941
MGG_08932,MGG_08932T0,2162347,2166891,4544
MGG_14967,MGG_14967T0,806304,824686,18382
MGG_17201,MGG_17201T0,4307403,4307857,454
MGG_00622,MGG_00622T0,2235932,2238940,3008
MGG_01830,MGG_01830T0,5010609,5011683,1074
MGG_18135,MGG_18135T0,498745,500226,1481
MGG_17220,MGG_17220T0,4559434,4561623,2189
MGG_13036,MGG_13036T0,5045817,5046815,998
MGG_08601,MGG_08601T0,827151,830519,3368
MGG_07316,MGG_07316T0,7216551,7220924,4373
MGG_04741,MGG_04741T0,1352356,1353669,1313
MGG_07326,MGG_07326T0,7266074,7267777,1703
MGG_14287,MGG_14287T0,740828,741184,356
MGG_08892,MGG_08892T0,2018970,2020487,1517
MGG_11726,MGG_11726T0,4247738,4250891,3153
MGG_08194,MGG_08194T0,6020611,6021314,703
MGG_05700,MGG_05700T0,6164366,6170251,5885
MGG_07619,MGG_07619T0,1234269,1235621,1352
MGG_07245,MGG_07245T0,6933399,6933629,230
MGG_16356,MGG_16356T0,5143820,5144134,314
MGG_09094,MGG_09094T0,138379,139432,1053
MGG_17533,MGG_17533T0,4092885,4093996,1111
MGG_03834,MGG_03834T0,2890001,2891849,1848
MGG_02609,MGG_02609T0,2211471,2212190,719
MGG_08070,MGG_08070T0,5590048,5591095,1047
MGG_00024,MGG_00024T0,4392625,4394340,1715
MGG_00999,MGG_00999T0,872738,873744,1006
MGG_15272,MGG_15272T0,1920260,1929868,9608
MGG_07292,MGG_07292T0,7130014,7131146,1132
MGG_05149,MGG_05149T0,4755497,4757249,1752
MGG_06572,MGG_06572T0,3228567,3232850,4283
MGG_15842,MGG_15842T0,6181868,6182581,713
MGG_18044,MGG_18044T0,2636485,2637372,887
MGG_15969,MGG_15969T0,8197622,8198418,796
MGG_07568,MGG_07568T0,1060244,1061965,1721
MGG_04475,MGG_04475T0,7374570,7377879,3309
MGG_03043,MGG_03043T0,522362,523462,1100
MGG_11797,MGG_11797T0,3198399,3198563,164
MGG_17257,MGG_17257T0,5125966,5126418,452
MGG_00243,MGG_00243T0,3541990,3544311,2321
MGG_09918,MGG_09918T0,4334791,4336938,2147
MGG_10246,MGG_10246T0,329193,330964,1771
MGG_00599,MGG_00599T0,2349129,2350783,1654
MGG_17961,MGG_17961T0,1503794,1505810,2016
MGG_12752,MGG_12752T0,2693644,2695522,1878
MGG_11115,MGG_11115T0,5214755,5215664,909
MGG_09496,MGG_09496T0,3489647,3489991,344
MGG_02128,MGG_02128T0,651582,653651,2069
MGG_05760,MGG_05760T0,6434013,6434794,781
MGG_11006,MGG_11006T0,155201,156657,1456
MGG_02404,MGG_02404T0,1731509,1732962,1453
MGG_03641,MGG_03641T0,1159370,1161975,2605
MGG_06582,MGG_06582T0,3201657,3203549,1892
MGG_11205,MGG_11205T0,3602321,3616200,13879
MGG_04333,MGG_04333T0,1146318,1147703,1385
MGG_08022,MGG_08022T0,5442773,5446141,3368
MGG_16035,MGG_16035T0,602802,604933,2131
MGG_15115,MGG_15115T0,3655264,3655832,568
MGG_08341,MGG_08341T0,7773450,7775352,1902
MGG_14572,MGG_14572T0,1545969,1547000,1031
MGG_02253,MGG_02253T0,1156146,1159554,3408
MGG_03444,MGG_03444T0,1840286,1841606,1320
MGG_11165,MGG_11165T0,4484031,4488024,3993
MGG_14569,MGG_14569T0,2875882,2878405,2523
MGG_06548,MGG_06548T0,3325212,3327933,2721
MGG_13610,MGG_13610T0,4957169,4959889,2720
MGG_08533,MGG_08533T0,541967,545506,3539
MGG_17336,MGG_17336T0,1058651,1059262,611
MGG_17977,MGG_17977T0,1664197,1666650,2453
MGG_02548,MGG_02548T0,2408209,2410751,2542
MGG_05054,MGG_05054T0,4436652,4438051,1399
MGG_06624,MGG_06624T0,3065578,3067755,2177
MGG_14571,MGG_14571T0,1543128,1545047,1919
MGG_14307,MGG_14307T0,6497933,6500404,2471
MGG_07728,MGG_07728T0,5542465,5545949,3484
MGG_00497,MGG_00497T0,2704487,2708405,3918
MGG_06979,MGG_06979T0,3447511,3450808,3297
MGG_05063,MGG_05063T0,4465907,4467947,2040
MGG_06717,MGG_06717T0,2498385,2499781,1396
MGG_04603,MGG_04603T0,1069379,1072666,3287
MGG_11952,MGG_11952T0,1419153,1419512,359
MGG_03422,MGG_03422T0,1914666,1916366,1700
MGG_06516,MGG_06516T0,3439203,3442116,2913
MGG_12887,MGG_12887T0,5381303,5383258,1955
MGG_15945,MGG_15945T0,7849115,7849577,462
MGG_08584,MGG_08584T0,769399,772256,2857
MGG_12410,MGG_12410T0,7338977,7340332,1355
MGG_09838,MGG_09838T0,3944055,3947947,3892
MGG_04623,MGG_04623T0,7073598,7076813,3215
MGG_06313,MGG_06313T0,4201535,4205081,3546
MGG_08494,MGG_08494T0,417045,418991,1946
MGG_06273,MGG_06273T0,4332344,4334126,1782
MGG_07784,MGG_07784T0,5753507,5754849,1342
MGG_14781,MGG_14781T0,3576497,3577346,849
MGG_00072,MGG_00072T0,4219528,4221514,1986
MGG_16082,MGG_16082T0,1236941,1237566,625
MGG_01183,MGG_01183T0,2538336,2540838,2502
MGG_01758,MGG_01758T0,4727665,4729142,1477
MGG_08039,MGG_08039T0,5506045,5508013,1968
MGG_13221,MGG_13221T0,2472891,2473612,721
MGG_01179,MGG_01179T0,2530003,2531802,1799
MGG_06482,MGG_06482T0,3580113,3582782,2669
MGG_06482,MGG_06482T1,3580848,3583250,2402
MGG_13230,MGG_13230T0,2404397,2406024,1627
MGG_12817,MGG_12817T0,3467462,3470309,2847
MGG_07496,MGG_07496T0,831307,832734,1427
MGG_15961,MGG_15961T0,8107779,8108570,791
MGG_09401,MGG_09401T0,3394980,3396903,1923
MGG_04228,MGG_04228T0,1488169,1489333,1164
MGG_08045,MGG_08045T0,5518339,5521094,2755
MGG_04793,MGG_04793T0,1446667,1449164,2497
MGG_15671,MGG_15671T0,3090898,3093197,2299
MGG_09893,MGG_09893T0,4250802,4251886,1084
MGG_00739,MGG_00739T0,1805508,1810288,4780
MGG_00307,MGG_00307T0,3328129,3329333,1204
MGG_15805,MGG_15805T0,5464209,5464841,632
MGG_06630,MGG_06630T0,3046667,3048144,1477
MGG_09701,MGG_09701T0,5452151,5456951,4800
MGG_01472,MGG_01472T0,3688022,3690467,2445
MGG_12779,MGG_12779T0,3032584,3035617,3033
MGG_04444,MGG_04444T0,822014,823767,1753
MGG_08414,MGG_08414T0,7514194,7514571,377
MGG_17165,MGG_17165T0,3257143,3257452,309
MGG_16441,MGG_16441T0,6062448,6066647,4199
MGG_09025,MGG_09025T0,2662961,2666102,3141
MGG_17140,MGG_17140T0,2940901,2941107,206
MGG_03825,MGG_03825T0,2913105,2914934,1829
MGG_04036,MGG_04036T0,2162545,2163835,1290
MGG_06227,MGG_06227T0,4476102,4476928,826
MGG_08638,MGG_08638T0,7635945,7639885,3940
MGG_16742,MGG_16742T0,2344764,2345455,691
MGG_03941,MGG_03941T0,2499538,2500783,1245
MGG_06118,MGG_06118T0,2633135,2636221,3086
MGG_00059,MGG_00059T0,4267744,4269568,1824
MGG_09481,MGG_09481T0,3539834,3542583,2749
MGG_10796,MGG_10796T0,244946,245523,577
MGG_11794,MGG_11794T0,3269967,3272136,2169
MGG_07481,MGG_07481T0,784794,788478,3684
MGG_05507,MGG_05507T0,5460703,5462825,2122
MGG_16881,MGG_16881T0,4903595,4903924,329
MGG_01413,MGG_01413T0,3437390,3437734,344
MGG_08618,MGG_08618T0,7586812,7591120,4308
MGG_00777,MGG_00777T0,1664654,1666655,2001
MGG_05912,MGG_05912T0,1922488,1924228,1740
MGG_10930,MGG_10930T0,162506,163754,1248
MGG_04600,MGG_04600T0,1058079,1062146,4067
MGG_04465,MGG_04465T0,7408568,7409605,1037
MGG_05307,MGG_05307T0,5349755,5352320,2565
MGG_05432,MGG_05432T0,5203707,5204525,818
MGG_12288,MGG_12288T0,5796801,5800637,3836
MGG_00792,MGG_00792T0,1608125,1610855,2730
MGG_02124,MGG_02124T0,635263,639940,4677
MGG_07653,MGG_07653T0,1371393,1372956,1563
MGG_07869,MGG_07869T0,6107299,6107688,389
MGG_17648,MGG_17648T0,1313639,1315420,1781
MGG_17361,MGG_17361T0,1384325,1385837,1512
MGG_17932,MGG_17932T0,1075659,1079557,3898
MGG_03683,MGG_03683T1,1029992,1032069,2077
MGG_03683,MGG_03683T0,1029957,1032069,2112
MGG_05006,MGG_05006T0,4277122,4278607,1485
MGG_00744,MGG_00744T0,1789730,1793954,4224
MGG_13292,MGG_13292T0,1748743,1751312,2569
MGG_09265,MGG_09265T0,3987410,3989707,2297
MGG_16937,MGG_16937T0,5903203,5903937,734
MGG_10972,MGG_10972T0,289589,290601,1012
MGG_10650,MGG_10650T0,4536930,4537323,393
MGG_09377,MGG_09377T0,3479248,3480031,783
MGG_17991,MGG_17991T0,1836541,1837190,649
MGG_09922,MGG_09922T0,4348394,4351195,2801
MGG_00370,MGG_00370T0,3101074,3102793,1719
MGG_02513,MGG_02513T0,2163600,2164799,1199
MGG_17818,MGG_17818T0,3713798,3714523,725
MGG_15532,MGG_15532T0,665014,668052,3038
MGG_15360,MGG_15360T0,538838,539397,559
MGG_14724,MGG_14724T0,4438518,4439948,1430
MGG_02726,MGG_02726T0,1736018,1738144,2126
MGG_00342,MGG_00342T0,3196338,3198067,1729
MGG_06056,MGG_06056T0,2411560,2413131,1571
MGG_07707,MGG_07707T0,5484299,5488369,4070
MGG_05724,MGG_05724T0,6277090,6280685,3595
MGG_00960,MGG_00960T0,992157,997806,5649
MGG_05032,MGG_05032T0,4360286,4364325,4039
MGG_17701,MGG_17701T0,2128235,2129762,1527
MGG_06836,MGG_06836T0,2932958,2935316,2358
MGG_05632,MGG_05632T0,5914460,5915451,991
MGG_09194,MGG_09194T0,3695227,3697030,1803
MGG_05165,MGG_05165T0,4812695,4814849,2154
MGG_03012,MGG_03012T0,653260,656039,2779
MGG_01359,MGG_01359T0,3240167,3242873,2706
MGG_17262,MGG_17262T0,5171935,5172397,462
MGG_06437,MGG_06437T0,3741009,3743775,2766
MGG_15711,MGG_15711T0,3741910,3742788,878
MGG_01388,MGG_01388T0,3360572,3361817,1245
MGG_04586,MGG_04586T0,1036446,1037604,1158
MGG_04850,MGG_04850T0,3707261,3709782,2521
MGG_06089,MGG_06089T0,2538694,2540039,1345
MGG_06670,MGG_06670T0,2331706,2333292,1586
MGG_07050,MGG_07050T0,6194498,6194958,460
MGG_03028,MGG_03028T0,589657,591273,1616
MGG_17032,MGG_17032T0,530934,531656,722
MGG_12403,MGG_12403T0,7257838,7263059,5221
MGG_06044,MGG_06044T0,2385429,2386593,1164
MGG_02807,MGG_02807T0,1447740,1448297,557
MGG_17195,MGG_17195T0,4264251,4268229,3978
MGG_17549,MGG_17549T0,4375588,4376050,462
MGG_01951,MGG_01951T0,49167,51270,2103
MGG_05731,MGG_05731T0,6316204,6318580,2376
MGG_08519,MGG_08519T0,496189,497352,1163
MGG_10733,MGG_10733T0,108471,109265,794
MGG_16351,MGG_16351T0,5098704,5099143,439
MGG_07020,MGG_07020T0,6115669,6118043,2374
MGG_13328,MGG_13328T0,93877,100478,6601
MGG_08831,MGG_08831T0,1804591,1805979,1388
MGG_17188,MGG_17188T0,4040202,4041093,891
MGG_10490,MGG_10490T0,411086,412348,1262
MGG_07611,MGG_07611T0,1200870,1203814,2944
MGG_16819,MGG_16819T0,3827823,3828265,442
MGG_09592,MGG_09592T0,3298249,3299202,953
MGG_15977,MGG_15977T0,8248004,8249425,1421
MGG_06577,MGG_06577T0,3212630,3215698,3068
MGG_09756,MGG_09756T0,5295177,5296208,1031
MGG_06571,MGG_06571T0,3234390,3235484,1094
MGG_05617,MGG_05617T0,5866025,5867601,1576
MGG_06547,MGG_06547T0,3328063,3332119,4056
MGG_09557,MGG_09557T0,3284619,3286939,2320
MGG_03250,MGG_03250T0,2549614,2551168,1554
MGG_08950,MGG_08950T0,2253879,2255884,2005
MGG_08709,MGG_08709T0,377667,381027,3360
MGG_10548,MGG_10548T0,4815947,4817222,1275
MGG_14931,MGG_14931T0,2565721,2568901,3180
MGG_00708,MGG_00708T0,1914043,1915231,1188
MGG_02070,MGG_02070T0,473626,477722,4096
MGG_16995,MGG_16995T0,1812,2509,697
MGG_04438,MGG_04438T0,807507,809725,2218
MGG_05078,MGG_05078T0,4532281,4536754,4473
MGG_03492,MGG_03492T0,1693552,1695913,2361
MGG_07746,MGG_07746T0,5614738,5615898,1160
MGG_18087,MGG_18087T0,3194954,3195502,548
MGG_15566,MGG_15566T0,1308441,1311559,3118
MGG_18049,MGG_18049T0,2808412,2809672,1260
MGG_13178,MGG_13178T0,6435544,6440358,4814
MGG_17067,MGG_17067T0,1323987,1324249,262
MGG_01096,MGG_01096T0,522194,525889,3695
MGG_10292,MGG_10292T0,221696,222226,530
MGG_07575,MGG_07575T0,1085312,1086223,911
MGG_16210,MGG_16210T0,3187133,3187331,198
MGG_15782,MGG_15782T0,5114266,5114541,275
MGG_03136,MGG_03136T0,2941897,2944671,2774
MGG_04728,MGG_04728T0,1329858,1331243,1385
MGG_17369,MGG_17369T0,1658779,1659337,558
MGG_08920,MGG_08920T0,2118620,2123726,5106
MGG_08661,MGG_08661T0,7710124,7712129,2005
MGG_04852,MGG_04852T0,3714633,3719328,4695
MGG_15215,MGG_15215T0,1365657,1366712,1055
MGG_10814,MGG_10814T0,7495123,7496398,1275
MGG_16684,MGG_16684T0,1466897,1467359,462
MGG_04704,MGG_04704T0,1300292,1301586,1294
MGG_06850,MGG_06850T0,2979575,2984383,4808
MGG_07871,MGG_07871T0,6111557,6112506,949
MGG_12405,MGG_12405T0,7297353,7300089,2736
MGG_06207,MGG_06207T0,2945104,2946984,1880
MGG_17031,MGG_17031T0,522835,523131,296
MGG_03364,MGG_03364T0,2129217,2130057,840
MGG_12068,MGG_12068T0,2993576,2995162,1586
MGG_00581,MGG_00581T0,2425205,2425716,511
MGG_13765,MGG_13765T0,6762884,6764829,1945
MGG_14743,MGG_14743T0,1151957,1153434,1477
MGG_11936,MGG_11936T0,1563146,1566327,3181
MGG_02574,MGG_02574T0,2332217,2336142,3925
MGG_17748,MGG_17748T0,2978927,2979481,554
MGG_02254,MGG_02254T0,1159315,1160798,1483
MGG_09722,MGG_09722T0,5386445,5387268,823
MGG_06475,MGG_06475T0,3604503,3607860,3357
MGG_07699,MGG_07699T0,1565294,1565611,317
MGG_11547,MGG_11547T0,2330493,2333361,2868
MGG_09858,MGG_09858T0,3868092,3868931,839
MGG_00866,MGG_00866T0,1325333,1327772,2439
MGG_03394,MGG_03394T0,2038902,2040685,1783
MGG_03675,MGG_03675T0,1053288,1055081,1793
MGG_17973,MGG_17973T0,1624676,1625055,379
MGG_00918,MGG_00918T0,1145363,1148143,2780
MGG_02030,MGG_02030T0,290716,292482,1766
MGG_00785,MGG_00785T0,1633134,1634986,1852
MGG_07074,MGG_07074T0,6274209,6276837,2628
MGG_15806,MGG_15806T0,5473375,5473837,462
MGG_01921,MGG_01921T0,643446,644864,1418
MGG_06546,MGG_06546T0,3329863,3331868,2005
MGG_03348,MGG_03348T0,2186071,2189369,3298
MGG_12738,MGG_12738T0,2487140,2492133,4993
MGG_11146,MGG_11146T0,4738324,4739574,1250
MGG_08369,MGG_08369T0,7673742,7675959,2217
MGG_08881,MGG_08881T1,1968611,1971993,3382
MGG_08881,MGG_08881T0,1969006,1971993,2987
MGG_09764,MGG_09764T0,5264771,5266311,1540
MGG_16050,MGG_16050T0,837122,837584,462
MGG_10627,MGG_10627T0,6553220,6556189,2969
MGG_14797,MGG_14797T0,4025266,4028325,3059
MGG_02501,MGG_02501T0,2120061,2123021,2960
MGG_14602,MGG_14602T0,643270,644736,1466
MGG_03091,MGG_03091T0,335569,336527,958
MGG_18103,MGG_18103T0,49919,50381,462
MGG_16973,MGG_16973T0,6361636,6362525,889
MGG_17466,MGG_17466T0,3044536,3044945,409
MGG_05730,MGG_05730T0,6313654,6316114,2460
MGG_07725,MGG_07725T0,5536953,5538927,1974
MGG_08807,MGG_08807T0,56103,60261,4158
MGG_17899,MGG_17899T0,742279,742611,332
MGG_15079,MGG_15079T0,6403370,6407117,3747
MGG_00944,MGG_00944T0,1038426,1040348,1922
MGG_16668,MGG_16668T0,1291033,1291814,781
MGG_06824,MGG_06824T0,2902160,2902871,711
MGG_02383,MGG_02383T0,1628222,1629522,1300
MGG_14292,MGG_14292T0,3773557,3775918,2361
MGG_02201,MGG_02201T0,925298,926587,1289
MGG_03459,MGG_03459T0,1789402,1795367,5965
MGG_15816,MGG_15816T0,5712547,5713128,581
MGG_15561,MGG_15561T0,1281234,1281478,244
MGG_16989,MGG_16989T0,6577097,6577585,488
MGG_15494,MGG_15494T0,61412,62922,1510
MGG_03312,MGG_03312T0,2307729,2308554,825
MGG_03887,MGG_03887T0,2707679,2710027,2348
MGG_02991,MGG_02991T0,726348,728416,2068
MGG_03235,MGG_03235T0,2595171,2598360,3189
MGG_18096,MGG_18096T0,3352235,3353346,1111
MGG_03183,MGG_03183T0,2784599,2786769,2170
MGG_04769,MGG_04769T0,1398151,1400225,2074
MGG_01532,MGG_01532T0,3914746,3915589,843
MGG_16353,MGG_16353T0,5100497,5100853,356
MGG_02742,MGG_02742T0,1691961,1692993,1032
MGG_10995,MGG_10995T0,4501442,4502257,815
MGG_13086,MGG_13086T0,5416956,5419223,2267
MGG_12637,MGG_12637T0,2058412,2059325,913
MGG_00892,MGG_00892T0,1220935,1221655,720
MGG_11745,MGG_11745T0,3994064,3996505,2441
MGG_04943,MGG_04943T0,4026420,4029303,2883
MGG_17971,MGG_17971T0,1612855,1613525,670
MGG_05096,MGG_05096T0,4598620,4600181,1561
MGG_05473,MGG_05473T0,5340447,5340922,475
MGG_00492,MGG_00492T0,2724123,2730036,5913
MGG_07476,MGG_07476T0,767610,771803,4193
MGG_13474,MGG_13474T0,925923,927278,1355
MGG_09578,MGG_09578T0,3355383,3356090,707
MGG_06876,MGG_06876T0,3088851,3090279,1428
MGG_14894,MGG_14894T0,1263156,1264764,1608
MGG_00575,MGG_00575T0,2437919,2440461,2542
MGG_10821,MGG_10821T0,550064,552825,2761
MGG_03247,MGG_03247T0,2557303,2558976,1673
MGG_08640,MGG_08640T0,7641632,7643427,1795
MGG_16455,MGG_16455T0,6296507,6301094,4587
MGG_02412,MGG_02412T0,1756975,1758316,1341
MGG_16697,MGG_16697T0,1612083,1612436,353
MGG_03122,MGG_03122T0,2997350,2999712,2362
MGG_01885,MGG_01885T0,5208829,5211925,3096
MGG_02602,MGG_02602T0,2228077,2229958,1881
MGG_04659,MGG_04659T0,1180646,1183741,3095
MGG_06623,MGG_06623T0,3068037,3070492,2455
MGG_15366,MGG_15366T0,571288,571680,392
MGG_12445,MGG_12445T0,7577135,7577741,606
MGG_16777,MGG_16777T0,3090562,3090830,268
MGG_16097,MGG_16097T0,1368028,1369740,1712
MGG_08617,MGG_08617T0,7584468,7586502,2034
MGG_04251,MGG_04251T0,1410844,1413376,2532
MGG_15579,MGG_15579T0,1539819,1540928,1109
MGG_06919,MGG_06919T0,3252911,3254087,1176
MGG_16544,MGG_16544T0,7700424,7700770,346
MGG_04528,MGG_04528T0,929239,935120,5881
MGG_02570,MGG_02570T0,2351199,2352836,1637
MGG_04715,MGG_04715T0,6878564,6878950,386
MGG_15922,MGG_15922T0,7550766,7551847,1081
MGG_06883,MGG_06883T0,3111611,3113536,1925
MGG_07485,MGG_07485T0,794396,797031,2635
MGG_03274,MGG_03274T0,2435973,2439318,3345
MGG_10440,MGG_10440T0,251752,252678,926
MGG_17216,MGG_17216T0,4542941,4543480,539
MGG_15973,MGG_15973T0,8231643,8232113,470
MGG_06705,MGG_06705T0,2467556,2468822,1266
MGG_07543,MGG_07543T0,966229,968259,2030
MGG_15483,MGG_15483T0,8297080,8297678,598
MGG_02220,MGG_02220T0,991593,991925,332
MGG_12537,MGG_12537T0,646620,648265,1645
MGG_10830,MGG_10830T0,526410,528137,1727
MGG_17529,MGG_17529T0,4069770,4070246,476
MGG_16804,MGG_16804T0,3555311,3556148,837
MGG_02091,MGG_02091T0,530784,532020,1236
MGG_02793,MGG_02793T0,1484001,1487336,3335
MGG_07393,MGG_07393T0,423851,427601,3750
MGG_16090,MGG_16090T0,1321418,1321846,428
MGG_00416,MGG_00416T0,2952849,2954570,1721
MGG_03095,MGG_03095T0,323609,325998,2389
MGG_16650,MGG_16650T0,887403,888870,1467
MGG_01509,MGG_01509T0,3856644,3857121,477
MGG_00520,MGG_00520T0,2613793,2614954,1161
MGG_13239,MGG_13239T0,2159840,2164696,4856
MGG_12110,MGG_12110T0,2465087,2466774,1687
MGG_04638,MGG_04638T0,7019404,7021069,1665
MGG_06743,MGG_06743T0,2581085,2583613,2528
MGG_14773,MGG_14773T0,2843451,2846809,3358
MGG_02496,MGG_02496T0,2080497,2081739,1242
MGG_03805,MGG_03805T0,2990847,2991197,350
MGG_07338,MGG_07338T1,7307827,7312574,4747
MGG_07338,MGG_07338T0,7308256,7312361,4105
MGG_06877,MGG_06877T0,3090405,3093234,2829
MGG_14913,MGG_14913T0,1925625,1926854,1229
MGG_01116,MGG_01116T0,469905,471301,1396
MGG_16812,MGG_16812T0,3641474,3644256,2782
MGG_10424,MGG_10424T0,1025185,1025762,577
MGG_09178,MGG_09178T0,3636865,3638589,1724
MGG_00701,MGG_00701T0,1935244,1936740,1496
MGG_00168,MGG_00168T0,3878576,3881290,2714
MGG_07872,MGG_07872T0,6112647,6113182,535
MGG_10083,MGG_10083T0,4688500,4690150,1650
MGG_08352,MGG_08352T0,7735569,7737048,1479
MGG_09642,MGG_09642T0,3101393,3103818,2425
MGG_02212,MGG_02212T0,956664,957161,497
MGG_06662,MGG_06662T0,2315293,2320796,5503
MGG_17810,MGG_17810T0,3635682,3643583,7901
MGG_01101,MGG_01101T0,509178,512025,2847
MGG_01726,MGG_01726T0,4584541,4591244,6703
MGG_07950,MGG_07950T0,6360441,6361255,814
MGG_08269,MGG_08269T0,8057166,8059337,2171
MGG_02669,MGG_02669T0,1970590,1971868,1278
MGG_01706,MGG_01706T0,4532483,4533321,838
MGG_03256,MGG_03256T0,2514828,2517331,2503
MGG_04263,MGG_04263T0,1376166,1376776,610
MGG_09798,MGG_09798T0,4082574,4085142,2568
MGG_08784,MGG_08784T0,130622,133906,3284
MGG_15380,MGG_15380T0,140176,141585,1409
MGG_01001,MGG_01001T0,859839,863593,3754
MGG_02822,MGG_02822T0,1393302,1394407,1105
MGG_05596,MGG_05596T0,5788332,5791532,3200
MGG_16456,MGG_16456T0,6324256,6326385,2129
MGG_06278,MGG_06278T0,4315355,4317206,1851
MGG_02809,MGG_02809T0,1441071,1446487,5416
MGG_02876,MGG_02876T0,1185290,1187233,1943
MGG_08020,MGG_08020T0,5438367,5439795,1428
MGG_06202,MGG_06202T0,2922881,2926864,3983
MGG_15318,MGG_15318T0,6652334,6653725,1391
MGG_05878,MGG_05878T0,1812635,1814603,1968
MGG_03143,MGG_03143T0,2914197,2917029,2832
MGG_01443,MGG_01443T0,3541772,3544282,2510
MGG_07771,MGG_07771T0,5720850,5723724,2874
MGG_01267,MGG_01267T0,2901850,2902784,934
MGG_09719,MGG_09719T0,5392845,5396278,3433
MGG_17291,MGG_17291T0,32732,33333,601
MGG_03792,MGG_03792T0,3040872,3041886,1014
MGG_00768,MGG_00768T0,1700620,1702912,2292
MGG_17085,MGG_17085T0,1727843,1728441,598
MGG_04435,MGG_04435T0,799373,801901,2528
MGG_06787,MGG_06787T0,2744056,2747329,3273
MGG_02541,MGG_02541T0,2431515,2433908,2393
MGG_12839,MGG_12839T0,3794591,3800244,5653
MGG_16975,MGG_16975T0,6380646,6381229,583
MGG_16231,MGG_16231T0,3445333,3447269,1936
MGG_14588,MGG_14588T0,2830473,2834398,3925
MGG_05642,MGG_05642T0,5944209,5947732,3523
MGG_03429,MGG_03429T0,1896428,1897912,1484
MGG_17439,MGG_17439T0,2622431,2623634,1203
MGG_13880,MGG_13880T0,6024558,6026152,1594
MGG_02826,MGG_02826T0,1378466,1380423,1957
MGG_16871,MGG_16871T0,4634145,4634595,450
MGG_13283,MGG_13283T0,1828131,1828997,866
MGG_01772,MGG_01772T0,4772983,4774241,1258
MGG_17972,MGG_17972T0,1613583,1614205,622
MGG_05759,MGG_05759T0,6431403,6433385,1982
MGG_17364,MGG_17364T0,1584774,1585423,649
MGG_15962,MGG_15962T0,8114581,8115231,650
MGG_09515,MGG_09515T0,3421430,3424349,2919
MGG_07544,MGG_07544T0,975103,975627,524
MGG_08775,MGG_08775T0,155500,157056,1556
MGG_12385,MGG_12385T0,6935179,6937928,2749
MGG_12077,MGG_12077T0,2777386,2779896,2510
MGG_16505,MGG_16505T0,6903645,6904183,538
MGG_15773,MGG_15773T0,4897986,4900604,2618
MGG_17509,MGG_17509T0,3762121,3763200,1079
MGG_00375,MGG_00375T0,3078891,3080165,1274
MGG_03283,MGG_03283T0,2403060,2406798,3738
MGG_06651,MGG_06651T0,2288429,2291121,2692
MGG_14875,MGG_14875T0,2466572,2467703,1131
MGG_07776,MGG_07776T0,5730628,5731236,608
MGG_04751,MGG_04751T0,1365699,1368431,2732
MGG_05447,MGG_05447T0,5249047,5249977,930
MGG_13814,MGG_13814T0,7351555,7352659,1104
MGG_16940,MGG_16940T0,5919450,5920119,669
MGG_03611,MGG_03611T0,1267427,1269827,2400
MGG_10330,MGG_10330T0,75626,79608,3982
MGG_03163,MGG_03163T0,2837821,2838960,1139
MGG_16723,MGG_16723T0,2128501,2128806,305
MGG_12305,MGG_12305T0,5915781,5916870,1089
MGG_08551,MGG_08551T0,621904,625480,3576
MGG_10651,MGG_10651T0,4539503,4540776,1273
MGG_00984,MGG_00984T0,923019,926912,3893
MGG_10728,MGG_10728T0,121311,123678,2367
MGG_06643,MGG_06643T0,2243251,2246705,3454
MGG_18124,MGG_18124T0,383117,384393,1276
MGG_15586,MGG_15586T0,1676074,1676509,435
MGG_10052,MGG_10052T0,4791199,4792461,1262
MGG_06706,MGG_06706T0,2468970,2472122,3152
MGG_01432,MGG_01432T0,3504726,3506908,2182
MGG_16340,MGG_16340T0,4960992,4963878,2886
MGG_15066,MGG_15066T0,6041473,6041884,411
MGG_00384,MGG_00384T0,3049261,3053392,4131
MGG_02479,MGG_02479T0,2016894,2018285,1391
MGG_15278,MGG_15278T0,1763716,1765125,1409
MGG_04473,MGG_04473T0,7381250,7383510,2260
MGG_17939,MGG_17939T0,1118395,1118574,179
MGG_17180,MGG_17180T0,3588383,3590440,2057
MGG_00845,MGG_00845T0,1417741,1422470,4729
MGG_07159,MGG_07159T0,6588046,6588836,790
MGG_03552,MGG_03552T0,1485841,1488615,2774
MGG_08839,MGG_08839T0,1821456,1825275,3819
MGG_10804,MGG_10804T0,7442513,7443068,555
MGG_14299,MGG_14299T0,6580402,6581900,1498
MGG_13924,MGG_13924T0,6372961,6375210,2249
MGG_07383,MGG_07383T0,392998,394308,1310
MGG_18003,MGG_18003T0,2005148,2006194,1046
MGG_16580,MGG_16580T0,7974987,7975677,690
MGG_06161,MGG_06161T0,2780913,2782239,1326
MGG_02478,MGG_02478T0,2012764,2016420,3656
MGG_17353,MGG_17353T0,1303074,1303378,304
MGG_02767,MGG_02767T0,1589902,1595910,6008
MGG_05401,MGG_05401T0,5091102,5095276,4174
MGG_09291,MGG_09291T0,4119732,4123238,3506
MGG_16862,MGG_16862T0,4530291,4531895,1604
MGG_10846,MGG_10846T0,6539529,6540603,1074
MGG_04897,MGG_04897T0,3881552,3884429,2877
MGG_05160,MGG_05160T0,4793266,4797504,4238
MGG_07331,MGG_07331T0,7281266,7283850,2584
MGG_14810,MGG_14810T0,4454244,4454675,431
MGG_06859,MGG_06859T0,3008995,3010413,1418
MGG_17675,MGG_17675T0,1721909,1722298,389
MGG_11211,MGG_11211T0,3517726,3522793,5067
MGG_10439,MGG_10439T0,248390,251403,3013
MGG_17817,MGG_17817T0,3700622,3702469,1847
MGG_16331,MGG_16331T0,4897198,4899041,1843
MGG_13902,MGG_13902T0,6182197,6185779,3582
MGG_18019,MGG_18019T0,2258329,2258640,311
MGG_06578,MGG_06578T0,3210746,3212031,1285
MGG_16391,MGG_16391T0,5511316,5511995,679
MGG_08187,MGG_08187T0,6003110,6004519,1409
MGG_04588,MGG_04588T0,1043529,1046392,2863
MGG_17547,MGG_17547T0,4345736,4347115,1379
MGG_05518,MGG_05518T0,5491500,5492022,522
MGG_01746,MGG_01746T0,4677846,4680076,2230
MGG_12388,MGG_12388T0,6970161,6972868,2707
MGG_09511,MGG_09511T0,3431048,3433604,2556
MGG_04667,MGG_04667T0,1208674,1211972,3298
MGG_15863,MGG_15863T0,6518935,6520041,1106
MGG_01103,MGG_01103T0,503963,506940,2977
MGG_09200,MGG_09200T0,3716499,3719570,3071
MGG_17819,MGG_17819T0,3715272,3715734,462
MGG_05127,MGG_05127T0,4682875,4684444,1569
MGG_05137,MGG_05137T0,4722574,4724684,2110
MGG_17399,MGG_17399T0,2113140,2115438,2298
MGG_01843,MGG_01843T0,5066946,5067676,730
MGG_09668,MGG_09668T0,3014685,3016702,2017
MGG_06642,MGG_06642T0,2240182,2243152,2970
MGG_01147,MGG_01147T0,337237,340028,2791
MGG_00490,MGG_00490T0,2732315,2734254,1939
MGG_00981,MGG_00981T0,936316,937759,1443
MGG_00841,MGG_00841T0,1428882,1432091,3209
MGG_05169,MGG_05169T0,4823087,4826447,3360
MGG_17846,MGG_17846T0,8137,12651,4514
MGG_17548,MGG_17548T0,4373447,4374187,740
MGG_14303,MGG_14303T0,6556885,6558525,1640
MGG_00225,MGG_00225T0,3603321,3604104,783
MGG_05598,MGG_05598T0,5793240,5798751,5511
MGG_05411,MGG_05411T0,5128328,5130679,2351
MGG_13815,MGG_13815T0,7354266,7355618,1352
MGG_17247,MGG_17247T0,4963731,4967793,4062
MGG_07547,MGG_07547T0,981678,984054,2376
MGG_13485,MGG_13485T0,1083088,1086100,3012
MGG_01151,MGG_01151T0,325825,327221,1396
MGG_03819,MGG_03819T0,2930785,2932842,2057
MGG_03837,MGG_03837T0,2878787,2883381,4594
MGG_12613,MGG_12613T0,1874433,1882345,7912
MGG_10048,MGG_10048T0,4803569,4807160,3591
MGG_07855,MGG_07855T0,6035067,6037648,2581
MGG_17061,MGG_17061T0,1261970,1263632,1662
MGG_00775,MGG_00775T0,1672636,1675795,3159
MGG_01754,MGG_01754T0,4714560,4716813,2253
MGG_17384,MGG_17384T0,1863750,1865111,1361
MGG_04227,MGG_04227T0,1489677,1494034,4357
MGG_07809,MGG_07809T0,5838240,5840046,1806
MGG_05088,MGG_05088T0,4564327,4567152,2825
MGG_08627,MGG_08627T0,7608543,7610429,1886
MGG_06395,MGG_06395T0,3890261,3895220,4959
MGG_12670,MGG_12670T0,2446944,2448938,1994
MGG_03731,MGG_03731T0,892648,894288,1640
MGG_01330,MGG_01330T0,3121524,3124072,2548
MGG_17191,MGG_17191T0,4103736,4105232,1496
MGG_02080,MGG_02080T0,504866,506314,1448
MGG_16423,MGG_16423T0,5854747,5857677,2930
MGG_16202,MGG_16202T0,3115960,3119074,3114
MGG_00464,MGG_00464T0,2804762,2807640,2878
MGG_00795,MGG_00795T0,1596807,1601203,4396
MGG_03629,MGG_03629T0,1201149,1206041,4892
MGG_04092,MGG_04092T0,2000294,2001822,1528
MGG_07118,MGG_07118T0,6427133,6430598,3465
MGG_03863,MGG_03863T0,2793213,2794037,824
MGG_01066,MGG_01066T0,632254,633471,1217
MGG_04500,MGG_04500T0,7294515,7296108,1593
MGG_08842,MGG_08842T0,1831629,1833610,1981
MGG_01694,MGG_01694T0,4488172,4489997,1825
MGG_06083,MGG_06083T0,2518872,2520261,1389
MGG_00619,MGG_00619T0,2248935,2249753,818
MGG_15667,MGG_15667T0,3074326,3076067,1741
MGG_03724,MGG_03724T0,907906,912319,4413
MGG_17681,MGG_17681T0,1798535,1798820,285
MGG_12100,MGG_12100T0,2587035,2589184,2149
MGG_09869,MGG_09869T0,3837080,3840769,3689
MGG_16654,MGG_16654T0,1008978,1009492,514
MGG_03553,MGG_03553T0,1485021,1486002,981
MGG_02730,MGG_02730T0,1717869,1720069,2200
MGG_01365,MGG_01365T0,3266967,3268779,1812
MGG_09618,MGG_09618T0,3197825,3199501,1676
MGG_16659,MGG_16659T0,1098954,1099339,385
MGG_12849,MGG_12849T0,4017512,4020780,3268
MGG_09420,MGG_09420T0,3342026,3342928,902
MGG_00320,MGG_00320T0,3276470,3280709,4239
MGG_03251,MGG_03251T0,2547753,2549050,1297
MGG_11680,MGG_11680T0,4262081,4264806,2725
MGG_17116,MGG_17116T0,2255528,2255972,444
MGG_05215,MGG_05215T0,4993932,4995817,1885
MGG_06962,MGG_06962T0,3384950,3386929,1979
MGG_17315,MGG_17315T0,390816,391216,400
MGG_07501,MGG_07501T0,853212,857061,3849
MGG_15024,MGG_15024T0,1949717,1951205,1488
MGG_00652,MGG_00652T0,2127295,2129787,2492
MGG_03181,MGG_03181T0,2789243,2791652,2409
MGG_04208,MGG_04208T0,1578057,1579059,1002
MGG_17407,MGG_17407T0,2232848,2233654,806
MGG_09184,MGG_09184T0,3650291,3653451,3160
MGG_17435,MGG_17435T0,2600324,2600808,484
MGG_01876,MGG_01876T0,5183684,5184835,1151
MGG_01257,MGG_01257T0,2874464,2876461,1997
MGG_17592,MGG_17592T0,590519,591313,794
MGG_10026,MGG_10026T0,4896357,4897454,1097
MGG_03066,MGG_03066T0,412572,415336,2764
MGG_06164,MGG_06164T0,2793979,2798878,4899
MGG_08555,MGG_08555T0,640200,643219,3019
MGG_17981,MGG_17981T0,1735694,1735969,275
MGG_02729,MGG_02729T0,1720274,1725251,4977
MGG_07162,MGG_07162T0,6595400,6597881,2481
MGG_15131,MGG_15131T0,4732648,4734067,1419
MGG_14136,MGG_14136T0,175490,177398,1908
MGG_14652,MGG_14652T0,1299633,1300636,1003
MGG_09032,MGG_09032T0,2640573,2642544,1971
MGG_07412,MGG_07412T0,529709,530740,1031
MGG_01087,MGG_01087T0,557961,561035,3074
MGG_09822,MGG_09822T0,4005326,4006248,922
MGG_13350,MGG_13350T0,298141,300854,2713
MGG_03431,MGG_03431T0,1891369,1892899,1530
MGG_01229,MGG_01229T0,2765033,2766021,988
MGG_00101,MGG_00101T0,4140377,4141995,1618
MGG_02473,MGG_02473T0,1985442,1987751,2309
MGG_02259,MGG_02259T0,1173648,1177452,3804
MGG_02542,MGG_02542T0,2425160,2428033,2873
MGG_10549,MGG_10549T0,4817662,4817994,332
MGG_01186,MGG_01186T0,2552743,2554666,1923
MGG_14965,MGG_14965T0,910167,910793,626
MGG_01639,MGG_01639T0,4295186,4298756,3570
MGG_05323,MGG_05323T0,5406891,5409668,2777
MGG_09878,MGG_09878T0,3807318,3809271,1953
MGG_00193,MGG_00193T0,3773251,3776735,3484
MGG_05317,MGG_05317T0,5387140,5388585,1445
MGG_16467,MGG_16467T0,6420848,6422411,1563
MGG_11683,MGG_11683T0,4277634,4278812,1178
MGG_04436,MGG_04436T0,801741,803536,1795
MGG_13743,MGG_13743T0,6611177,6612347,1170
MGG_02853,MGG_02853T0,1268169,1269810,1641
MGG_11715,MGG_11715T0,4458246,4462741,4495
MGG_01128,MGG_01128T0,401607,407692,6085
MGG_03652,MGG_03652T0,1124161,1127275,3114
MGG_17841,MGG_17841T0,3989784,3994840,5056
MGG_05141,MGG_05141T0,4731351,4732175,824
MGG_01025,MGG_01025T0,765512,766926,1414
MGG_02898,MGG_02898T0,1102187,1103530,1343
MGG_03800,MGG_03800T0,3017576,3019023,1447
MGG_08858,MGG_08858T0,1895398,1897722,2324
MGG_03149,MGG_03149T0,2886453,2888403,1950
MGG_08368,MGG_08368T0,7677474,7679445,1971
MGG_16489,MGG_16489T0,6690024,6690650,626
MGG_12267,MGG_12267T0,5531746,5533316,1570
MGG_14629,MGG_14629T0,4110017,4110283,266
MGG_12423,MGG_12423T0,7420751,7422180,1429
MGG_06325,MGG_06325T0,4148958,4152422,3464
MGG_14922,MGG_14922T0,2203248,2204667,1419
MGG_17784,MGG_17784T0,3354918,3355382,464
MGG_03760,MGG_03760T0,3158116,3159254,1138
MGG_15828,MGG_15828T0,5864747,5865923,1176
MGG_03565,MGG_03565T0,1448563,1450947,2384
MGG_02421,MGG_02421T0,1792506,1795073,2567
MGG_09543,MGG_09543T0,3325681,3327994,2313
MGG_17883,MGG_17883T0,565865,566212,347
MGG_15179,MGG_15179T0,4986408,4987735,1327
MGG_08331,MGG_08331T0,7801333,7802128,795
MGG_01358,MGG_01358T0,3239919,3240838,919
MGG_05315,MGG_05315T0,5373196,5379997,6801
MGG_11575,MGG_11575T0,2802630,2803688,1058
MGG_17064,MGG_17064T0,1294421,1295007,586
MGG_12154,MGG_12154T0,1899587,1905317,5730
MGG_04552,MGG_04552T0,7228885,7232350,3465
MGG_16245,MGG_16245T0,3751995,3752430,435
MGG_03239,MGG_03239T0,2579034,2580601,1567
MGG_04991,MGG_04991T0,4193917,4196206,2289
MGG_14071,MGG_14071T0,424038,425498,1460
MGG_08900,MGG_08900T0,2044826,2046641,1815
MGG_13442,MGG_13442T0,1284768,1286561,1793
MGG_16424,MGG_16424T0,5871217,5873927,2710
MGG_06682,MGG_06682T0,2379865,2382364,2499
MGG_09559,MGG_09559T0,3277667,3281299,3632
MGG_04981,MGG_04981T0,4144322,4145627,1305
MGG_05336,MGG_05336T0,4856997,4859705,2708
MGG_05943,MGG_05943T0,2055095,2055790,695
MGG_00157,MGG_00157T0,3916341,3918971,2630
MGG_01366,MGG_01366T0,3279795,3280915,1120
MGG_03970,MGG_03970T0,2378805,2380684,1879
MGG_18063,MGG_18063T0,2937219,2938929,1710
MGG_12015,MGG_12015T0,3481377,3481957,580
MGG_16046,MGG_16046T0,791659,791985,326
MGG_08007,MGG_08007T0,5402249,5404075,1826
MGG_08447,MGG_08447T0,240883,241662,779
MGG_15233,MGG_15233T0,2153114,2154612,1498
MGG_15592,MGG_15592T0,1786173,1786576,403
MGG_00873,MGG_00873T0,1303945,1304230,285
MGG_02961,MGG_02961T0,849599,856927,7328
MGG_05316,MGG_05316T0,5383846,5386099,2253
MGG_09313,MGG_09313T0,4189107,4191698,2591
MGG_00220,MGG_00220T0,3614594,3616311,1717
MGG_05879,MGG_05879T0,1814976,1816557,1581
MGG_01329,MGG_01329T0,3116942,3119857,2915
MGG_14892,MGG_14892T0,1209957,1211594,1637
MGG_00528,MGG_00528T0,2594930,2598241,3311
MGG_14003,MGG_14003T0,740578,746500,5922
MGG_08089,MGG_08089T0,5653720,5656211,2491
MGG_13486,MGG_13486T0,1104442,1107276,2834
MGG_00772,MGG_00772T0,1684695,1688648,3953
MGG_01855,MGG_01855T0,5118255,5119130,875
MGG_12176,MGG_12176T0,1541457,1542087,630
MGG_17181,MGG_17181T0,3689188,3690283,1095
MGG_00272,MGG_00272T0,3456643,3458105,1462
MGG_06140,MGG_06140T0,2707204,2710610,3406
MGG_16194,MGG_16194T0,3033511,3034977,1466
MGG_15901,MGG_15901T0,7211277,7214144,2867
MGG_15738,MGG_15738T0,4146604,4146831,227
MGG_05948,MGG_05948T0,2079729,2082569,2840
MGG_00110,MGG_00110T0,4105390,4107074,1684
MGG_16069,MGG_16069T0,1036014,1037705,1691
MGG_02330,MGG_02330T0,1428137,1430430,2293
MGG_01812,MGG_01812T0,4927691,4930593,2902
MGG_01747,MGG_01747T0,4681640,4684476,2836
MGG_04247,MGG_04247T0,1430078,1430782,704
MGG_10193,MGG_10193T0,1712943,1715319,2376
MGG_02926,MGG_02926T0,1004553,1005672,1119
MGG_15985,MGG_15985T0,56506,56850,344
MGG_17146,MGG_17146T0,3027004,3027518,514
MGG_13817,MGG_13817T0,7361701,7365708,4007
MGG_01042,MGG_01042T0,705038,706964,1926
MGG_02859,MGG_02859T0,1250509,1253275,2766
MGG_03913,MGG_03913T0,2608433,2609008,575
MGG_08863,MGG_08863T0,1904701,1908147,3446
MGG_03351,MGG_03351T0,2172877,2176301,3424
MGG_13255,MGG_13255T0,1995304,1996995,1691
MGG_09971,MGG_09971T0,5110243,5112963,2720
MGG_15749,MGG_15749T0,4328730,4332956,4226
MGG_02812,MGG_02812T0,1419412,1420928,1516
MGG_16557,MGG_16557T0,7837939,7839438,1499
MGG_16081,MGG_16081T0,1205730,1207693,1963
MGG_16279,MGG_16279T0,4175917,4176411,494
MGG_15736,MGG_15736T0,4103051,4104137,1086
MGG_15707,MGG_15707T0,3702467,3703079,612
MGG_16406,MGG_16406T0,5639910,5640233,323
MGG_17928,MGG_17928T0,1061157,1062586,1429
MGG_08641,MGG_08641T0,7643599,7645140,1541
MGG_05091,MGG_05091T0,4575181,4577325,2144
MGG_09234,MGG_09234T0,3863323,3864808,1485
MGG_03220,MGG_03220T0,2649111,2653139,4028
MGG_08415,MGG_08415T0,7510399,7513460,3061
MGG_17456,MGG_17456T0,2896311,2897096,785
MGG_15570,MGG_15570T0,1423619,1424046,427
MGG_07160,MGG_07160T0,6588964,6591270,2306
MGG_05651,MGG_05651T0,5981714,5983612,1898
MGG_01973,MGG_01973T0,96554,100637,4083
MGG_03946,MGG_03946T0,2480018,2481843,1825
MGG_03175,MGG_03175T0,2802633,2804294,1661
MGG_15786,MGG_15786T0,5250813,5251308,495
MGG_07559,MGG_07559T0,1018297,1020081,1784
MGG_07208,MGG_07208T0,6775330,6777198,1868
MGG_08010,MGG_08010T0,5405415,5408076,2661
MGG_00827,MGG_00827T0,1480069,1481259,1190
MGG_08201,MGG_08201T0,6050162,6051568,1406
MGG_15950,MGG_15950T0,7884821,7887534,2713
MGG_11104,MGG_11104T0,1121004,1121758,754
MGG_14559,MGG_14559T0,3621437,3621898,461
MGG_07999,MGG_07999T0,5370821,5374817,3996
MGG_09122,MGG_09122T0,136365,137897,1532
MGG_15251,MGG_15251T0,5764191,5765379,1188
MGG_02341,MGG_02341T0,1460523,1460977,454
MGG_11709,MGG_11709T0,4545239,4549541,4302
MGG_07250,MGG_07250T0,6947913,6953522,5609
MGG_16096,MGG_16096T0,1359925,1362054,2129
MGG_11651,MGG_11651T0,3886335,3888053,1718
MGG_13542,MGG_13542T0,1697836,1701689,3853
MGG_01409,MGG_01409T0,3426350,3430339,3989
MGG_02544,MGG_02544T0,2416209,2417905,1696
MGG_17454,MGG_17454T0,2874538,2876115,1577
MGG_16411,MGG_16411T0,5698239,5699593,1354
MGG_07176,MGG_07176T0,6646192,6648620,2428
MGG_16595,MGG_16595T0,234380,237020,2640
MGG_03865,MGG_03865T0,2785899,2786197,298
MGG_17485,MGG_17485T0,3474303,3474704,401
MGG_03108,MGG_03108T0,288663,289191,528
MGG_03352,MGG_03352T0,2170393,2172136,1743
MGG_09086,MGG_09086T0,108634,109017,383
MGG_16996,MGG_16996T0,3530,4513,983
MGG_07916,MGG_07916T0,6239064,6241208,2144
MGG_06371,MGG_06371T0,3983005,3984873,1868
MGG_08676,MGG_08676T0,7771784,7772892,1108
MGG_00105,MGG_00105T0,4128779,4135483,6704
MGG_15136,MGG_15136T0,4817613,4819422,1809
MGG_04331,MGG_04331T0,1150793,1152372,1579
MGG_10428,MGG_10428T0,1039180,1041529,2349
MGG_11360,MGG_11360T0,1369871,1371955,2084
MGG_17467,MGG_17467T0,3094587,3094884,297
MGG_05299,MGG_05299T0,5321908,5324974,3066
MGG_17423,MGG_17423T0,2457099,2457625,526
MGG_14338,MGG_14338T0,3697840,3698701,861
MGG_03853,MGG_03853T0,2818404,2819852,1448
MGG_16616,MGG_16616T0,479425,480008,583
MGG_06925,MGG_06925T0,3276760,3281715,4955
MGG_17937,MGG_17937T0,1113717,1114611,894
MGG_05764,MGG_05764T0,6444011,6444582,571
MGG_16403,MGG_16403T0,5626668,5628227,1559
MGG_16350,MGG_16350T0,5086871,5087211,340
MGG_16195,MGG_16195T0,3050400,3053630,3230
MGG_17856,MGG_17856T0,184171,185816,1645
MGG_06192,MGG_06192T0,2880757,2881975,1218
MGG_16478,MGG_16478T0,6604833,6605295,462
MGG_06907,MGG_06907T0,3214892,3216202,1310
MGG_09762,MGG_09762T0,5273515,5275848,2333
MGG_03275,MGG_03275T0,2426072,2433838,7766
MGG_02653,MGG_02653T0,2051423,2055177,3754
MGG_08739,MGG_08739T0,300627,301166,539
MGG_01637,MGG_01637T0,4288467,4290175,1708
MGG_12049,MGG_12049T0,3102803,3103391,588
MGG_15610,MGG_15610T0,2128513,2129034,521
MGG_07490,MGG_07490T0,814099,814911,812
MGG_16602,MGG_16602T0,334176,334638,462
MGG_02310,MGG_02310T0,1329974,1331356,1382
MGG_02701,MGG_02701T0,1815892,1821704,5812
MGG_14847,MGG_14847T0,4099498,4103530,4032
MGG_04611,MGG_04611T0,1084618,1087630,3012
MGG_10484,MGG_10484T0,393699,394854,1155
MGG_02839,MGG_02839T0,1321078,1324458,3380
MGG_12775,MGG_12775T0,3010232,3011821,1589
MGG_02287,MGG_02287T0,1269500,1270905,1405
MGG_05040,MGG_05040T0,4384052,4387507,3455
MGG_05465,MGG_05465T0,5311302,5311877,575
MGG_00172,MGG_00172T0,3869646,3871953,2307
MGG_14057,MGG_14057T0,3267669,3269152,1483
MGG_02974,MGG_02974T0,793127,795349,2222
MGG_02998,MGG_02998T0,700787,702708,1921
MGG_15330,MGG_15330T0,5227757,5228686,929
MGG_12981,MGG_12981T0,3649881,3650948,1067
MGG_07949,MGG_07949T0,6357174,6359431,2257
MGG_04099,MGG_04099T0,1965067,1967270,2203
MGG_07845,MGG_07845T0,6009096,6010842,1746
MGG_08581,MGG_08581T0,755510,757629,2119
MGG_04348,MGG_04348T0,1079638,1080722,1084
MGG_09990,MGG_09990T0,5049075,5051952,2877
MGG_03461,MGG_03461T0,1783808,1784901,1093
MGG_06504,MGG_06504T0,3494067,3496519,2452
MGG_06906,MGG_06906T0,3211948,3214766,2818
MGG_16338,MGG_16338T0,4948757,4949304,547
MGG_07390,MGG_07390T0,418517,419771,1254
MGG_09954,MGG_09954T0,4485115,4490699,5584
MGG_01511,MGG_01511T0,3861880,3863652,1772
MGG_17356,MGG_17356T0,1358888,1359773,885
MGG_17187,MGG_17187T0,4007494,4008694,1200
MGG_08696,MGG_08696T0,433803,435017,1214
MGG_11889,MGG_11889T0,2135976,2138678,2702
MGG_06603,MGG_06603T0,3124868,3126887,2019
MGG_12313,MGG_12313T0,6048320,6050395,2075
MGG_03627,MGG_03627T0,1210708,1212418,1710
MGG_01833,MGG_01833T0,5021438,5025781,4343
MGG_00667,MGG_00667T0,2083989,2087898,3909
MGG_02504,MGG_02504T0,2132667,2135742,3075
MGG_05478,MGG_05478T0,5355834,5357450,1616
MGG_00357,MGG_00357T0,3135209,3137274,2065
MGG_03736,MGG_03736T0,875536,880315,4779
MGG_17217,MGG_17217T0,4549341,4550075,734
MGG_16177,MGG_16177T0,2852118,2853717,1599
MGG_14735,MGG_14735T0,569936,571562,1626
MGG_07690,MGG_07690T0,1533670,1535976,2306
MGG_06837,MGG_06837T0,2936331,2936678,347
MGG_07100,MGG_07100T0,6362813,6364254,1441
MGG_06153,MGG_06153T0,2751799,2753800,2001
MGG_17838,MGG_17838T0,3935965,3936563,598
MGG_11817,MGG_11817T0,2925307,2927475,2168
MGG_07217,MGG_07217T0,6822840,6823779,939
MGG_09500,MGG_09500T0,3471575,3473269,1694
MGG_05012,MGG_05012T0,4300399,4302524,2125
MGG_04040,MGG_04040T0,2147118,2151386,4268
MGG_04770,MGG_04770T0,1401580,1402779,1199
MGG_17341,MGG_17341T0,1106720,1109321,2601
MGG_00683,MGG_00683T0,2005412,2009787,4375
MGG_06679,MGG_06679T0,2365690,2369562,3872
MGG_15734,MGG_15734T0,4057746,4058487,741
MGG_04015,MGG_04015T0,2229348,2231854,2506
MGG_09641,MGG_09641T0,3104328,3105816,1488
MGG_08699,MGG_08699T0,420621,421525,904
MGG_10479,MGG_10479T0,373205,375308,2103
MGG_00380,MGG_00380T0,3064124,3064582,458
MGG_03194,MGG_03194T0,2753346,2754653,1307
MGG_16870,MGG_16870T0,4613362,4614498,1136
MGG_12962,MGG_12962T0,4113190,4116021,2831
MGG_15627,MGG_15627T0,2410303,2411734,1431
MGG_08268,MGG_08268T0,8058959,8061169,2210
MGG_13497,MGG_13497T0,1235415,1237835,2420
MGG_04242,MGG_04242T0,1440516,1442026,1510
MGG_15140,MGG_15140T0,5017112,5021495,4383
MGG_07419,MGG_07419T0,559617,562375,2758
MGG_02061,MGG_02061T0,438779,441375,2596
MGG_04135,MGG_04135T0,1834007,1835237,1230
MGG_14167,MGG_14167T0,3938703,3941108,2405
MGG_01970,MGG_01970T0,86044,89134,3090
MGG_07616,MGG_07616T0,1226946,1230711,3765
MGG_02252,MGG_02252T0,1153435,1155293,1858
MGG_08986,MGG_08986T0,2377495,2379752,2257
MGG_13615,MGG_13615T0,4981523,4982777,1254
MGG_05787,MGG_05787T0,3091451,3092998,1547
MGG_11480,MGG_11480T0,1356490,1358682,2192
MGG_11327,MGG_11327T0,1910161,1912345,2184
MGG_12816,MGG_12816T0,3456262,3458035,1773
MGG_08080,MGG_08080T0,5619683,5621140,1457
MGG_02597,MGG_02597T0,2245641,2248836,3195
MGG_01065,MGG_01065T0,633653,634719,1066
MGG_04906,MGG_04906T0,3906479,3910405,3926
MGG_01045,MGG_01045T0,691850,695936,4086
MGG_06471,MGG_06471T0,3617219,3618087,868
MGG_05983,MGG_05983T0,2184652,2187745,3093
MGG_13133,MGG_13133T0,5826566,5826964,398
MGG_00255,MGG_00255T0,3511658,3513360,1702
MGG_14730,MGG_14730T0,490105,490872,767
MGG_05795,MGG_05795T0,3108101,3108484,383
MGG_02086,MGG_02086T0,516794,518415,1621
MGG_10634,MGG_10634T0,6575556,6578528,2972
MGG_04507,MGG_04507T0,7278617,7279835,1218
MGG_10131,MGG_10131T0,801542,805146,3604
MGG_16571,MGG_16571T0,7922816,7923803,987
MGG_12381,MGG_12381T0,6866787,6867558,771
MGG_03994,MGG_03994T0,2297114,2301324,4210
MGG_04400,MGG_04400T0,7470659,7473032,2373
MGG_15034,MGG_15034T0,2348715,2350056,1341
MGG_17729,MGG_17729T0,2607629,2608432,803
MGG_11966,MGG_11966T0,1303223,1303875,652
MGG_00140,MGG_00140T0,3982175,3984504,2329
MGG_10737,MGG_10737T0,99683,101808,2125
MGG_00590,MGG_00590T0,2382945,2386998,4053
MGG_06436,MGG_06436T0,3744075,3745436,1361
MGG_17317,MGG_17317T0,431951,436052,4101
MGG_15448,MGG_15448T0,170628,170910,282
MGG_15958,MGG_15958T0,8029232,8029432,200
MGG_01109,MGG_01109T0,485291,486174,883
MGG_14634,MGG_14634T0,354073,355056,983
MGG_12123,MGG_12123T0,2363213,2366714,3501
MGG_04460,MGG_04460T0,862526,863591,1065
MGG_15152,MGG_15152T0,5625059,5625850,791
MGG_04676,MGG_04676T0,7009092,7011365,2273
MGG_14751,MGG_14751T0,1587004,1589432,2428
MGG_07417,MGG_07417T0,553006,555019,2013
MGG_09080,MGG_09080T0,75334,78490,3156
MGG_16782,MGG_16782T0,3133485,3133934,449
MGG_16591,MGG_16591T0,193464,194784,1320
MGG_15575,MGG_15575T0,1496897,1497453,556
MGG_10363,MGG_10363T0,863888,865488,1600
MGG_10674,MGG_10674T0,89211,92022,2811
MGG_11335,MGG_11335T0,1704119,1706778,2659
MGG_16678,MGG_16678T0,1402095,1402392,297
MGG_00735,MGG_00735T0,1825774,1828009,2235
MGG_16368,MGG_16368T0,5286958,5287383,425
MGG_02309,MGG_02309T0,1323998,1326286,2288
MGG_03054,MGG_03054T0,475175,479186,4011
MGG_07102,MGG_07102T0,6369203,6370424,1221
MGG_11096,MGG_11096T0,2547181,2547786,605
MGG_11719,MGG_11719T0,4396619,4397862,1243
MGG_08975,MGG_08975T0,2342663,2347483,4820
MGG_15877,MGG_15877T0,6737145,6737648,503
MGG_17398,MGG_17398T0,2111770,2113163,1393
MGG_08767,MGG_08767T0,190868,193261,2393
MGG_00618,MGG_00618T0,2254506,2256003,1497
MGG_17620,MGG_17620T0,960893,963401,2508
MGG_04896,MGG_04896T0,3878462,3879388,926
MGG_02166,MGG_02166T0,776685,776999,314
MGG_04329,MGG_04329T0,1156694,1158299,1605
MGG_06718,MGG_06718T0,2500080,2501304,1224
MGG_07421,MGG_07421T0,569682,570788,1106
MGG_17122,MGG_17122T0,2418694,2421555,2861
MGG_03908,MGG_03908T0,2628527,2629742,1215
MGG_15765,MGG_15765T0,4827724,4829339,1615
MGG_09640,MGG_09640T0,3106010,3107682,1672
MGG_16982,MGG_16982T0,6523063,6524287,1224
MGG_00831,MGG_00831T0,1469011,1471218,2207
MGG_15974,MGG_15974T0,8240050,8241366,1316
MGG_05660,MGG_05660T0,6019997,6021823,1826
MGG_16686,MGG_16686T0,1488689,1489040,351
MGG_02638,MGG_02638T0,2101588,2103317,1729
MGG_00718,MGG_00718T0,1892248,1894228,1980
MGG_03041,MGG_03041T0,540727,544330,3603
MGG_03856,MGG_03856T0,2812282,2813896,1614
MGG_02390,MGG_02390T0,1664694,1667648,2954
MGG_08206,MGG_08206T0,6064777,6066467,1690
MGG_01566,MGG_01566T0,4028012,4029824,1812
MGG_10345,MGG_10345T0,40683,42364,1681
MGG_15044,MGG_15044T0,319837,320086,249
MGG_05052,MGG_05052T0,4432059,4434120,2061
MGG_12963,MGG_12963T0,4111280,4113076,1796
MGG_17170,MGG_17170T0,3368295,3369851,1556
MGG_13500,MGG_13500T0,1247315,1251108,3793
MGG_11214,MGG_11214T0,3432797,3434162,1365
MGG_04601,MGG_04601T0,1061089,1064579,3490
MGG_16013,MGG_16013T0,357084,357554,470
MGG_13246,MGG_13246T0,2085807,2088408,2601
MGG_01302,MGG_01302T0,3036766,3038518,1752
MGG_04976,MGG_04976T0,4134656,4136756,2100
MGG_10275,MGG_10275T0,210964,213055,2091
MGG_01429,MGG_01429T0,3496322,3497922,1600
MGG_05156,MGG_05156T0,4783923,4786047,2124
MGG_15727,MGG_15727T0,3894472,3895563,1091
MGG_06036,MGG_06036T0,2349271,2351868,2597
MGG_12069,MGG_12069T0,2985150,2985662,512
MGG_15970,MGG_15970T0,8205104,8206438,1334
MGG_15619,MGG_15619T0,2260276,2261590,1314
MGG_09864,MGG_09864T0,3848234,3849364,1130
MGG_12647,MGG_12647T0,2164025,2166743,2718
MGG_04310,MGG_04310T0,1217983,1219166,1183
MGG_14666,MGG_14666T0,2156477,2157557,1080
MGG_08575,MGG_08575T0,728436,729563,1127
MGG_12759,MGG_12759T0,2750000,2751013,1013
MGG_10057,MGG_10057T0,4781046,4783140,2094
MGG_07998,MGG_07998T0,5367448,5370496,3048
MGG_00595,MGG_00595T0,2357607,2360493,2886
MGG_07992,MGG_07992T0,5354433,5355823,1390
MGG_09119,MGG_09119T0,248371,251831,3460
MGG_08859,MGG_08859T0,1897742,1900152,2410
MGG_11412,MGG_11412T0,564570,567147,2577
MGG_10815,MGG_10815T0,7497137,7497874,737
MGG_00129,MGG_00129T0,4039482,4041244,1762
MGG_07149,MGG_07149T0,6550554,6553639,3085
MGG_11885,MGG_11885T0,2196230,2198433,2203
MGG_02928,MGG_02928T0,990614,995595,4981
MGG_06452,MGG_06452T0,3681527,3683564,2037
MGG_00211,MGG_00211T0,3660853,3663131,2278
MGG_09294,MGG_09294T0,4129635,4130802,1167
MGG_10208,MGG_10208T0,188624,189853,1229
MGG_00964,MGG_00964T0,981761,983473,1712
MGG_16321,MGG_16321T0,4787593,4788189,596
MGG_17996,MGG_17996T0,1938492,1938742,250
MGG_02183,MGG_02183T0,871133,877687,6554
MGG_03828,MGG_03828T0,2906482,2908291,1809
MGG_05233,MGG_05233T0,5081664,5086434,4770
MGG_01355,MGG_01355T0,3227999,3230418,2419
MGG_17168,MGG_17168T0,3296495,3296957,462
MGG_12329,MGG_12329T0,6263750,6265811,2061
MGG_07500,MGG_07500T0,847028,849294,2266
MGG_17734,MGG_17734T0,2750449,2751213,764
MGG_10652,MGG_10652T0,4540581,4543342,2761
MGG_02688,MGG_02688T0,1895663,1898108,2445
MGG_09528,MGG_09528T0,3363025,3365295,2270
MGG_17438,MGG_17438T0,2610244,2610495,251
MGG_14555,MGG_14555T0,3719407,3720337,930
MGG_07608,MGG_07608T0,1195762,1196549,787
MGG_17034,MGG_17034T0,539975,540130,155
MGG_00019,MGG_00019T0,4418626,4419119,493
MGG_14856,MGG_14856T0,3413990,3415639,1649
MGG_01659,MGG_01659T0,4369191,4370608,1417
MGG_05189,MGG_05189T0,4895003,4897427,2424
MGG_07130,MGG_07130T0,6480103,6481786,1683
MGG_08390,MGG_08390T0,7603974,7605248,1274
MGG_16655,MGG_16655T0,1009778,1010566,788
MGG_02799,MGG_02799T0,1465240,1467332,2092
MGG_11537,MGG_11537T0,2218326,2219705,1379
MGG_16850,MGG_16850T0,4413026,4413441,415
MGG_15755,MGG_15755T0,4497214,4499316,2102
MGG_04426,MGG_04426T0,757227,758252,1025
MGG_07718,MGG_07718T0,5517600,5520322,2722
MGG_03758,MGG_03758T0,3162125,3163551,1426
MGG_06345,MGG_06345T0,4082670,4085477,2807
MGG_15959,MGG_15959T0,8033623,8034557,934
MGG_03916,MGG_03916T0,2599353,2600273,920
MGG_10209,MGG_10209T0,191013,192827,1814
MGG_10760,MGG_10760T0,82474,84249,1775
MGG_03615,MGG_03615T0,1251565,1253092,1527
MGG_06384,MGG_06384T0,3934521,3936093,1572
MGG_05569,MGG_05569T0,5681896,5683799,1903
MGG_06900,MGG_06900T0,3187265,3189954,2689
MGG_16104,MGG_16104T0,1518880,1519141,261
MGG_11605,MGG_11605T0,3344494,3347478,2984
MGG_11426,MGG_11426T0,428020,431693,3673
MGG_06099,MGG_06099T0,2567987,2570566,2579
MGG_06270,MGG_06270T0,4341629,4343646,2017
MGG_09698,MGG_09698T0,5464903,5465287,384
MGG_00153,MGG_00153T0,3927085,3929434,2349
MGG_16066,MGG_16066T0,990353,990880,527
MGG_05719,MGG_05719T0,6235439,6236161,722
MGG_05900,MGG_05900T0,1876820,1881706,4886
MGG_00617,MGG_00617T0,2256303,2261058,4755
MGG_17890,MGG_17890T0,658982,659607,625
MGG_01013,MGG_01013T0,823565,825734,2169
MGG_05568,MGG_05568T0,5680752,5682210,1458
MGG_09125,MGG_09125T0,111316,114328,3012
MGG_15789,MGG_15789T0,5257900,5260829,2929
MGG_02608,MGG_02608T0,2213210,2215525,2315
MGG_06473,MGG_06473T0,3609717,3613010,3293
MGG_05828,MGG_05828T0,1629110,1630264,1154
MGG_00208,MGG_00208T0,3684230,3686926,2696
MGG_02981,MGG_02981T0,770307,773575,3268
MGG_08015,MGG_08015T0,5423799,5425757,1958
MGG_15653,MGG_15653T0,2827816,2828135,319
MGG_01085,MGG_01085T0,562828,564422,1594
MGG_05306,MGG_05306T0,5343914,5348003,4089
MGG_16333,MGG_16333T0,4923270,4925686,2416
MGG_12316,MGG_12316T0,6070981,6073394,2413
MGG_06389,MGG_06389T0,3920200,3923120,2920
MGG_01553,MGG_01553T0,3988854,3992057,3203
MGG_01003,MGG_01003T0,853874,856583,2709
MGG_02660,MGG_02660T0,2006527,2008059,1532
MGG_02560,MGG_02560T0,2378914,2379591,677
MGG_02115,MGG_02115T0,599092,600303,1211
MGG_07055,MGG_07055T0,6205921,6207252,1331
MGG_07356,MGG_07356T0,7369133,7370965,1832
MGG_07195,MGG_07195T0,6711364,6713387,2023
MGG_15864,MGG_15864T0,6539486,6540005,519
MGG_02590,MGG_02590T0,2270253,2270732,479
MGG_01046,MGG_01046T0,688765,691841,3076
MGG_08815,MGG_08815T0,40827,42258,1431
MGG_13557,MGG_13557T0,1856299,1860573,4274
MGG_10887,MGG_10887T0,6635748,6636832,1084
MGG_03375,MGG_03375T0,2100076,2102662,2586
MGG_07510,MGG_07510T0,878231,880379,2148
MGG_08192,MGG_08192T0,6012204,6015947,3743
MGG_00569,MGG_00569T0,2453354,2457096,3742
MGG_08186,MGG_08186T0,5996237,6002758,6521
MGG_09107,MGG_09107T0,202548,204635,2087
MGG_09709,MGG_09709T0,5422026,5423872,1846
MGG_17193,MGG_17193T0,4136207,4136851,644
MGG_06784,MGG_06784T0,2736544,2738736,2192
MGG_09393,MGG_09393T0,3431479,3434028,2549
MGG_03129,MGG_03129T0,2974709,2976783,2074
MGG_05733,MGG_05733T0,6320952,6321934,982
MGG_05816,MGG_05816T0,3065551,3068142,2591
MGG_08060,MGG_08060T0,5563237,5565354,2117
MGG_00627,MGG_00627T0,2224040,2225222,1182
MGG_03586,MGG_03586T0,1374480,1376921,2441
MGG_16288,MGG_16288T0,4259825,4260559,734
MGG_13365,MGG_13365T0,384625,385240,615
MGG_15480,MGG_15480T0,4598981,4601211,2230
MGG_05791,MGG_05791T0,3100315,3100903,588
MGG_08133,MGG_08133T0,5807764,5810895,3131
MGG_03708,MGG_03708T0,952135,953353,1218
MGG_07555,MGG_07555T0,1011252,1011701,449
MGG_02165,MGG_02165T0,774897,775581,684
MGG_15634,MGG_15634T0,2556626,2558452,1826
MGG_18056,MGG_18056T0,2850196,2850651,455
MGG_12090,MGG_12090T0,2683831,2684411,580
MGG_08977,MGG_08977T0,2350944,2351719,775
MGG_00245,MGG_00245T0,3536263,3537755,1492
MGG_05706,MGG_05706T0,6180783,6186251,5468
MGG_17309,MGG_17309T0,225358,225956,598
MGG_16334,MGG_16334T0,4925647,4930109,4462
MGG_01458,MGG_01458T0,3593874,3597754,3880
MGG_02139,MGG_02139T0,699739,700225,486
MGG_06043,MGG_06043T0,2380463,2385308,4845
MGG_16960,MGG_16960T0,6190628,6191008,380
MGG_16978,MGG_16978T0,6452725,6453870,1145
MGG_04181,MGG_04181T0,1687767,1689080,1313
MGG_06736,MGG_06736T0,2551505,2556465,4960
MGG_04565,MGG_04565T0,7176617,7177840,1223
MGG_08924,MGG_08924T0,2138680,2140301,1621
MGG_10457,MGG_10457T0,303912,305343,1431
MGG_08511,MGG_08511T0,469795,471408,1613
MGG_05996,MGG_05996T0,2228847,2233675,4828
MGG_17862,MGG_17862T0,212517,213072,555
MGG_15265,MGG_15265T0,6286925,6287292,367
MGG_03487,MGG_03487T0,1708998,1713643,4645
MGG_02838,MGG_02838T0,1327615,1331696,4081
MGG_08529,MGG_08529T0,528646,529139,493
MGG_17411,MGG_17411T0,2262704,2262982,278
MGG_16298,MGG_16298T0,4403567,4405003,1436
MGG_07339,MGG_07339T0,7313377,7317809,4432
MGG_02667,MGG_02667T0,1973838,1978276,4438
MGG_17536,MGG_17536T0,4124156,4125754,1598
MGG_03230,MGG_03230T0,2617642,2619526,1884
MGG_09242,MGG_09242T0,3894941,3897461,2520
MGG_14010,MGG_14010T0,2756539,2758936,2397
MGG_01266,MGG_01266T0,2898464,2900734,2270
MGG_04698,MGG_04698T0,1261497,1263584,2087
MGG_16460,MGG_16460T0,6359134,6361636,2502
MGG_06781,MGG_06781T0,2721933,2723925,1992
MGG_08096,MGG_08096T0,5687591,5689043,1452
MGG_02503,MGG_02503T0,2129133,2131785,2652
MGG_17590,MGG_17590T0,563283,563660,377
MGG_00230,MGG_00230T0,3585384,3585875,491
MGG_11289,MGG_11289T0,2296776,2300135,3359
MGG_02607,MGG_02607T0,2215245,2216850,1605
MGG_07766,MGG_07766T0,5677869,5678654,785
MGG_10413,MGG_10413T0,988085,990181,2096
MGG_15147,MGG_15147T0,5180337,5181283,946
MGG_00133,MGG_00133T0,4021275,4023403,2128
MGG_02506,MGG_02506T0,2147130,2149377,2247
MGG_03053,MGG_03053T0,483243,487186,3943
MGG_03252,MGG_03252T0,2532847,2546694,13847
MGG_04593,MGG_04593T0,7134366,7138249,3883
MGG_16378,MGG_16378T0,5399949,5400296,347
MGG_00057,MGG_00057T0,4272488,4273770,1282
MGG_12763,MGG_12763T0,2824072,2825480,1408
MGG_01717,MGG_01717T0,4559357,4562274,2917
MGG_05098,MGG_05098T0,4600355,4602734,2379
MGG_09970,MGG_09970T0,5114190,5117593,3403
MGG_01064,MGG_01064T0,635173,636202,1029
MGG_06975,MGG_06975T0,3436778,3440015,3237
MGG_06410,MGG_06410T0,3836234,3839727,3493
MGG_01503,MGG_01503T0,3842636,3845734,3098
MGG_06307,MGG_06307T0,4215662,4220112,4450
MGG_02802,MGG_02802T0,1459345,1461209,1864
MGG_10560,MGG_10560T0,2903150,2904428,1278
MGG_08557,MGG_08557T0,654985,660584,5599
MGG_14997,MGG_14997T0,949947,950857,910
MGG_03039,MGG_03039T0,547548,551429,3881
MGG_16099,MGG_16099T0,1399238,1400652,1414
MGG_01016,MGG_01016T0,815966,817398,1432
MGG_05939,MGG_05939T0,2043286,2045841,2555
MGG_00732,MGG_00732T0,1836918,1838241,1323
MGG_04842,MGG_04842T0,3679915,3682949,3034
MGG_16720,MGG_16720T0,2099200,2100554,1354
MGG_13171,MGG_13171T0,6383753,6390768,7015
MGG_03362,MGG_03362T0,2133414,2134961,1547
MGG_16208,MGG_16208T0,3181861,3182652,791
MGG_10307,MGG_10307T0,171389,176169,4780
MGG_03851,MGG_03851T0,2822019,2823165,1146
MGG_11582,MGG_11582T0,2937972,2939379,1407
MGG_01492,MGG_01492T0,3764139,3766550,2411
MGG_15294,MGG_15294T0,7447219,7448937,1718
MGG_03234,MGG_03234T0,2604579,2606024,1445
MGG_06377,MGG_06377T0,3967515,3968819,1304
MGG_14600,MGG_14600T0,695961,696281,320
MGG_08700,MGG_08700T0,418519,419752,1233
MGG_08302,MGG_08302T0,7941591,7942939,1348
MGG_13405,MGG_13405T0,836073,838586,2513
MGG_03089,MGG_03089T0,341002,342376,1374
MGG_08987,MGG_08987T0,2380692,2383438,2746
MGG_17164,MGG_17164T0,3245084,3246113,1029
MGG_16253,MGG_16253T0,3879959,3881702,1743
MGG_06852,MGG_06852T0,2991740,2993241,1501
MGG_15359,MGG_15359T0,566543,567508,965
MGG_02492,MGG_02492T0,2070788,2072577,1789
MGG_04521,MGG_04521T0,904521,906518,1997
MGG_07224,MGG_07224T0,6863355,6865760,2405
MGG_13511,MGG_13511T0,1286659,1289097,2438
MGG_17469,MGG_17469T0,3133787,3135310,1523
MGG_17159,MGG_17159T0,3181345,3181792,447
MGG_08733,MGG_08733T0,320360,321155,795
MGG_00817,MGG_00817T0,1510061,1511834,1773
MGG_03131,MGG_03131T0,2965270,2968462,3192
MGG_04869,MGG_04869T0,3781003,3782517,1514
MGG_10570,MGG_10570T0,2856147,2857430,1283
MGG_08956,MGG_08956T0,2269808,2271481,1673
MGG_16917,MGG_16917T0,5605022,5608488,3466
MGG_11852,MGG_11852T0,7856678,7857512,834
MGG_09676,MGG_09676T0,2975526,2978030,2504
MGG_01023,MGG_01023T0,771471,774050,2579
MGG_02697,MGG_02697T0,1844409,1848168,3759
MGG_00067,MGG_00067T0,4237660,4239835,2175
MGG_04213,MGG_04213T0,1537191,1540458,3267
MGG_04211,MGG_04211T0,1548067,1549130,1063
MGG_03511,MGG_03511T0,1640154,1644792,4638
MGG_10828,MGG_10828T0,531233,533451,2218
MGG_07131,MGG_07131T0,6481829,6486341,4512
MGG_00973,MGG_00973T0,962675,964709,2034
MGG_12902,MGG_12902T0,5132207,5133073,866
MGG_01341,MGG_01341T0,3175225,3177348,2123
MGG_15374,MGG_15374T0,468868,469311,443
MGG_13803,MGG_13803T0,7172709,7175192,2483
MGG_01479,MGG_01479T0,3720012,3720993,981
MGG_15377,MGG_15377T0,312369,312724,355
MGG_01430,MGG_01430T0,3499138,3501604,2466
MGG_10171,MGG_10171T0,494735,495940,1205
MGG_04245,MGG_04245T0,1431968,1432734,766
MGG_09962,MGG_09962T0,4515405,4521063,5658
MGG_09962,MGG_09962T1,4515405,4521063,5658
MGG_15370,MGG_15370T0,502788,503671,883
MGG_15662,MGG_15662T0,2978227,2978582,355
MGG_08348,MGG_08348T0,7749242,7749908,666
MGG_15354,MGG_15354T0,441620,443059,1439
MGG_01248,MGG_01248T0,2836059,2838054,1995
MGG_06028,MGG_06028T0,2325412,2328106,2694
MGG_16779,MGG_16779T0,3102247,3102876,629
MGG_14582,MGG_14582T0,2410465,2410709,244
MGG_11682,MGG_11682T0,4275019,4277439,2420
MGG_17389,MGG_17389T0,1899336,1900834,1498
MGG_10355,MGG_10355T0,17006,18658,1652
MGG_17436,MGG_17436T0,2600819,2603640,2821
MGG_06480,MGG_06480T0,3590728,3591378,650
MGG_05086,MGG_05086T0,4559642,4562952,3310
MGG_01668,MGG_01668T0,4392267,4395410,3143
MGG_10826,MGG_10826T0,536158,539706,3548
MGG_15644,MGG_15644T0,2700797,2701859,1062
MGG_17462,MGG_17462T0,2969908,2970849,941
MGG_02520,MGG_02520T0,2188849,2191988,3139
MGG_03607,MGG_03607T0,1278138,1282979,4841
MGG_14844,MGG_14844T0,4335402,4336629,1227
MGG_07843,MGG_07843T0,6002640,6004696,2056
MGG_11754,MGG_11754T0,3893154,3895675,2521
MGG_03127,MGG_03127T0,2979118,2981379,2261
MGG_02801,MGG_02801T0,1461866,1463634,1768
MGG_11733,MGG_11733T0,4101879,4103216,1337
MGG_04206,MGG_04206T0,1590346,1592958,2612
MGG_06211,MGG_06211T0,2952506,2957178,4672
MGG_08094,MGG_08094T0,5681832,5686418,4586
MGG_09180,MGG_09180T0,3642667,3644265,1598
MGG_02824,MGG_02824T0,1382731,1383966,1235
MGG_01372,MGG_01372T0,3292777,3295926,3149
MGG_00393,MGG_00393T0,3018207,3022801,4594
MGG_06488,MGG_06488T0,3559316,3561078,1762
MGG_10491,MGG_10491T0,413169,416125,2956
MGG_17661,MGG_17661T0,1382392,1384273,1881
MGG_06385,MGG_06385T0,3933584,3934675,1091
MGG_12178,MGG_12178T0,1530244,1531762,1518
MGG_03995,MGG_03995T0,2293907,2296013,2106
MGG_17643,MGG_17643T0,1267900,1268646,746
MGG_13108,MGG_13108T0,5545705,5546045,340
MGG_11542,MGG_11542T0,2283110,2284753,1643
MGG_07533,MGG_07533T0,941677,943187,1510
MGG_00596,MGG_00596T0,2355659,2357701,2042
MGG_15897,MGG_15897T0,7115563,7116544,981
MGG_15660,MGG_15660T0,2954394,2954997,603
MGG_12569,MGG_12569T0,1138048,1139846,1798
MGG_16115,MGG_16115T0,1656140,1656852,712
MGG_02223,MGG_02223T0,1007306,1008030,724
MGG_07289,MGG_07289T0,7117347,7120966,3619
MGG_01213,MGG_01213T0,2683658,2684770,1112
MGG_02626,MGG_02626T0,2142939,2147478,4539
MGG_02655,MGG_02655T0,2045280,2048067,2787
MGG_07077,MGG_07077T0,6282687,6286511,3824
MGG_16540,MGG_16540T0,7562671,7562949,278
MGG_03077,MGG_03077T0,374255,377606,3351
MGG_17687,MGG_17687T0,1951069,1951414,345
MGG_03601,MGG_03601T0,1309736,1314668,4932
MGG_18060,MGG_18060T0,2908669,2909156,487
MGG_10867,MGG_10867T0,190851,193285,2434
MGG_06139,MGG_06139T0,2702828,2705938,3110
MGG_01373,MGG_01373T0,3296455,3299001,2546
MGG_00048,MGG_00048T0,4297074,4299247,2173
MGG_03434,MGG_03434T0,1876645,1878284,1639
MGG_16660,MGG_16660T0,1109451,1110127,676
MGG_17484,MGG_17484T0,3422521,3422968,447
MGG_15851,MGG_15851T0,6313489,6314146,657
MGG_00479,MGG_00479T0,2754980,2756943,1963
MGG_02199,MGG_02199T0,922875,923947,1072
MGG_12631,MGG_12631T0,2015624,2021494,5870
MGG_06483,MGG_06483T0,3576097,3578232,2135
MGG_07931,MGG_07931T0,6280326,6281981,1655
MGG_16256,MGG_16256T0,3905566,3907314,1748
MGG_11409,MGG_11409T0,583861,584310,449
MGG_10586,MGG_10586T0,2805052,2806603,1551
MGG_16853,MGG_16853T0,4439908,4442460,2552
MGG_06788,MGG_06788T0,2747464,2749388,1924
MGG_02762,MGG_02762T0,1616450,1618460,2010
MGG_07631,MGG_07631T0,1271636,1273125,1489
MGG_08468,MGG_08468T0,320967,322616,1649
MGG_00702,MGG_00702T0,1932122,1934943,2821
MGG_02051,MGG_02051T0,392967,395203,2236
MGG_17273,MGG_17273T0,5302909,5303749,840
MGG_15543,MGG_15543T0,892442,892663,221
MGG_10309,MGG_10309T0,168167,170126,1959
MGG_10819,MGG_10819T0,557858,558723,865
MGG_01148,MGG_01148T0,334971,337092,2121
MGG_17626,MGG_17626T0,1041621,1042176,555
MGG_13626,MGG_13626T0,5054147,5055798,1651
MGG_01353,MGG_01353T0,3221457,3225876,4419
MGG_15832,MGG_15832T0,5925466,5926687,1221
MGG_15818,MGG_15818T0,5719616,5722969,3353
MGG_08051,MGG_08051T0,5535829,5538591,2762
MGG_10538,MGG_10538T0,4737276,4740056,2780
MGG_01265,MGG_01265T0,2896873,2898371,1498
MGG_05647,MGG_05647T0,5970608,5972482,1874
MGG_10800,MGG_10800T0,7423986,7426403,2417
MGG_01979,MGG_01979T0,118854,121097,2243
MGG_14661,MGG_14661T0,1634497,1637139,2642
MGG_02605,MGG_02605T0,2218781,2221041,2260
MGG_18065,MGG_18065T0,2970206,2970873,667
MGG_01411,MGG_01411T0,3434130,3434565,435
MGG_04854,MGG_04854T0,3730795,3732550,1755
MGG_00755,MGG_00755T0,1752133,1754232,2099
MGG_09766,MGG_09766T0,5261056,5263232,2176
MGG_17594,MGG_17594T0,662917,663759,842
MGG_10188,MGG_10188T0,1693175,1695971,2796
MGG_08710,MGG_08710T0,372602,376289,3687
MGG_03485,MGG_03485T0,1715364,1720084,4720
MGG_09387,MGG_09387T0,3452922,3453734,812
MGG_13923,MGG_13923T0,6366302,6366883,581
MGG_00769,MGG_00769T0,1696096,1698488,2392
MGG_05830,MGG_05830T0,1633627,1635636,2009
MGG_03058,MGG_03058T0,463238,468234,4996
MGG_14855,MGG_14855T0,3431002,3432514,1512
MGG_00302,MGG_00302T0,3348799,3351635,2836
MGG_05417,MGG_05417T0,5149383,5150036,653
MGG_08913,MGG_08913T0,2091206,2095268,4062
MGG_01463,MGG_01463T0,3625259,3629631,4372
MGG_09319,MGG_09319T0,3689239,3691262,2023
MGG_02834,MGG_02834T0,1341092,1342906,1814
MGG_06595,MGG_06595T0,3152199,3154199,2000
MGG_04504,MGG_04504T0,7282877,7284611,1734
MGG_04645,MGG_04645T0,1124119,1124649,530
MGG_16623,MGG_16623T0,544586,545103,517
MGG_12118,MGG_12118T0,2385942,2389399,3457
MGG_08497,MGG_08497T0,426337,427601,1264
MGG_02914,MGG_02914T0,1051528,1052980,1452
MGG_03007,MGG_03007T0,672524,676371,3847
MGG_14041,MGG_14041T0,3121222,3122935,1713
MGG_03689,MGG_03689T0,1014859,1016362,1503
MGG_15109,MGG_15109T0,3433733,3436037,2304
MGG_13935,MGG_13935T0,143074,146093,3019
MGG_03889,MGG_03889T0,2701608,2703435,1827
MGG_06445,MGG_06445T0,3711530,3713025,1495
MGG_10233,MGG_10233T0,369340,370898,1558
MGG_16670,MGG_16670T0,1320824,1321786,962
MGG_12589,MGG_12589T0,1412062,1415242,3180
MGG_13154,MGG_13154T0,6236393,6238897,2504
MGG_08435,MGG_08435T0,189773,190404,631
MGG_12302,MGG_12302T0,5888233,5889829,1596
MGG_03155,MGG_03155T0,2863905,2867083,3178
MGG_01696,MGG_01696T1,4495544,4496724,1180
MGG_01696,MGG_01696T0,4495644,4496724,1080
MGG_04632,MGG_04632T0,7042772,7044166,1394
MGG_06881,MGG_06881T0,3103981,3108534,4553
MGG_02354,MGG_02354T0,1534641,1536145,1504
MGG_00136,MGG_00136T0,3995001,3997006,2005
MGG_09502,MGG_09502T0,3465941,3468426,2485
MGG_00757,MGG_00757T0,1747405,1749448,2043
MGG_02127,MGG_02127T0,647895,650548,2653
MGG_03693,MGG_03693T0,1001203,1006198,4995
MGG_17825,MGG_17825T0,3757847,3760904,3057
MGG_05531,MGG_05531T0,5522572,5523941,1369
MGG_16863,MGG_16863T0,4539185,4539982,797
MGG_15861,MGG_15861T0,6505941,6511534,5593
MGG_17241,MGG_17241T0,4851460,4853909,2449
MGG_13126,MGG_13126T0,5763555,5764268,713
MGG_07230,MGG_07230T0,6882381,6884043,1662
MGG_09521,MGG_09521T0,3401534,3405363,3829
MGG_08867,MGG_08867T0,1924106,1926752,2646
MGG_16184,MGG_16184T0,2940668,2941777,1109
MGG_00406,MGG_00406T0,2986443,2987795,1352
MGG_07272,MGG_07272T0,7038835,7040532,1697
MGG_17404,MGG_17404T0,2225758,2226049,291
MGG_16675,MGG_16675T0,1345385,1345847,462
MGG_14081,MGG_14081T0,295904,296361,457
MGG_07173,MGG_07173T0,6633806,6637240,3434
MGG_07173,MGG_07173T1,6633806,6637240,3434
MGG_15166,MGG_15166T0,6341366,6342207,841
MGG_02896,MGG_02896T0,1108685,1110491,1806
MGG_07717,MGG_07717T0,5513804,5515947,2143
MGG_03915,MGG_03915T0,2600534,2601319,785
MGG_03564,MGG_03564T0,1450873,1453600,2727
MGG_06612,MGG_06612T0,3097602,3101474,3872
MGG_13535,MGG_13535T0,1630516,1635353,4837
MGG_17324,MGG_17324T0,715989,717376,1387
MGG_15181,MGG_15181T0,5325291,5329125,3834
MGG_04760,MGG_04760T0,1386596,1388960,2364
MGG_09209,MGG_09209T0,3769274,3772094,2820
MGG_09658,MGG_09658T0,3044845,3045378,533
MGG_12780,MGG_12780T0,3036175,3036867,692
MGG_17483,MGG_17483T0,3415573,3416038,465
MGG_06773,MGG_06773T0,2686477,2689350,2873
MGG_05287,MGG_05287T0,5294250,5298883,4633
MGG_05521,MGG_05521T0,5498980,5500686,1706
MGG_14561,MGG_14561T0,3524091,3526853,2762
MGG_00306,MGG_00306T0,3329658,3332992,3334
MGG_03069,MGG_03069T0,398298,401619,3321
MGG_08036,MGG_08036T0,5493561,5497230,3669
MGG_11554,MGG_11554T0,2421643,2424767,3124
MGG_15870,MGG_15870T0,6644372,6644726,354
MGG_04143,MGG_04143T0,1817280,1819079,1799
MGG_01437,MGG_01437T0,3525548,3526938,1390
MGG_04635,MGG_04635T0,7030979,7033296,2317
MGG_04217,MGG_04217T0,1518129,1521561,3432
MGG_15703,MGG_15703T0,3624141,3624881,740
MGG_01145,MGG_01145T0,345387,346391,1004
MGG_13021,MGG_13021T0,4949894,4952284,2390
MGG_02657,MGG_02657T0,2029251,2029677,426
MGG_09659,MGG_09659T0,3041178,3042493,1315
MGG_09211,MGG_09211T0,3779813,3782610,2797
MGG_16901,MGG_16901T0,5277449,5280850,3401
MGG_16158,MGG_16158T0,2451995,2452490,495
MGG_01923,MGG_01923T0,639543,640856,1313
MGG_02047,MGG_02047T0,376032,378592,2560
MGG_08412,MGG_08412T0,7518965,7519521,556
MGG_15689,MGG_15689T0,3350442,3351237,795
MGG_10158,MGG_10158T0,1642032,1644193,2161
MGG_02615,MGG_02615T0,2190633,2192214,1581
MGG_04999,MGG_04999T0,4251822,4253902,2080
MGG_11005,MGG_11005T0,151878,153530,1652
MGG_00081,MGG_00081T0,4185879,4186895,1016
MGG_06162,MGG_06162T0,2782283,2788475,6192
MGG_15437,MGG_15437T0,33319,33897,578
MGG_14192,MGG_14192T0,397874,398240,366
MGG_07708,MGG_07708T0,5487008,5489609,2601
MGG_08738,MGG_08738T0,301501,305323,3822
MGG_13937,MGG_13937T0,165938,167239,1301
MGG_05188,MGG_05188T0,4891763,4893737,1974
MGG_10415,MGG_10415T0,993749,996151,2402
MGG_03471,MGG_03471T0,1752869,1754044,1175
MGG_06574,MGG_06574T0,3225892,3227263,1371
MGG_16506,MGG_16506T0,6989883,6990127,244
MGG_16398,MGG_16398T0,5558975,5560863,1888
MGG_06200,MGG_06200T0,2918057,2920750,2693
MGG_10438,MGG_10438T0,246087,248340,2253
MGG_13546,MGG_13546T0,1751486,1751733,247
MGG_17568,MGG_17568T0,160822,161848,1026
MGG_16765,MGG_16765T0,2727631,2728807,1176
MGG_16251,MGG_16251T0,3846315,3850176,3861
MGG_05438,MGG_05438T0,5216217,5217773,1556
MGG_06404,MGG_06404T0,3848967,3850326,1359
MGG_02759,MGG_02759T0,1625781,1630122,4341
MGG_06208,MGG_06208T0,2948695,2950480,1785
MGG_04847,MGG_04847T0,3695935,3698052,2117
MGG_09609,MGG_09609T0,3236678,3237365,687
MGG_08455,MGG_08455T0,264699,267011,2312
MGG_02338,MGG_02338T0,1452969,1453559,590
MGG_12198,MGG_12198T0,1278603,1280848,2245
MGG_02160,MGG_02160T0,761840,764165,2325
MGG_07514,MGG_07514T0,889591,891601,2010
MGG_16631,MGG_16631T0,627191,627621,430
MGG_16059,MGG_16059T0,947385,947936,551
MGG_15490,MGG_15490T0,13406,14523,1117
MGG_06518,MGG_06518T0,3437533,3439171,1638
MGG_16849,MGG_16849T0,4393272,4394209,937
MGG_14731,MGG_14731T0,512469,514114,1645
MGG_01408,MGG_01408T0,3424139,3425905,1766
MGG_04259,MGG_04259T0,1393139,1393471,332
MGG_17796,MGG_17796T0,3515472,3516566,1094
MGG_14126,MGG_14126T0,250774,251622,848
MGG_02747,MGG_02747T0,1677712,1678819,1107
MGG_06396,MGG_06396T0,3882297,3888967,6670
MGG_17395,MGG_17395T0,2072460,2073071,611
MGG_17167,MGG_17167T0,3266386,3267189,803
MGG_02646,MGG_02646T0,2077864,2079241,1377
MGG_03808,MGG_03808T0,2983513,2984246,733
MGG_13332,MGG_13332T0,127862,129035,1173
MGG_16389,MGG_16389T0,5502927,5506793,3866
MGG_06176,MGG_06176T0,2835829,2837625,1796
MGG_12972,MGG_12972T0,3832682,3834892,2210
MGG_15737,MGG_15737T0,4104569,4105162,593
MGG_02769,MGG_02769T0,1583306,1585359,2053
MGG_10305,MGG_10305T0,179384,181158,1774
MGG_16119,MGG_16119T0,1716211,1716980,769
MGG_16301,MGG_16301T0,4412652,4414743,2091
MGG_09117,MGG_09117T0,240120,241532,1412
MGG_17664,MGG_17664T0,1414937,1415483,546
MGG_17517,MGG_17517T0,3828265,3828681,416
MGG_01253,MGG_01253T0,2854758,2855576,818
MGG_12983,MGG_12983T0,3639506,3641691,2185
MGG_05171,MGG_05171T0,4833671,4835700,2029
MGG_08433,MGG_08433T0,182035,182403,368
MGG_17637,MGG_17637T0,1247659,1248240,581
MGG_00350,MGG_00350T0,3167637,3169205,1568
MGG_05393,MGG_05393T0,5075533,5076686,1153
MGG_08297,MGG_08297T0,7963370,7964933,1563
MGG_17219,MGG_17219T0,4558081,4558533,452
MGG_05738,MGG_05738T0,6333017,6336792,3775
MGG_14816,MGG_14816T0,5521317,5523841,2524
MGG_16129,MGG_16129T0,1979205,1979920,715
MGG_16348,MGG_16348T0,5072050,5073072,1022
MGG_08803,MGG_08803T0,70686,72979,2293
MGG_01282,MGG_01282T0,2960897,2962178,1281
MGG_05162,MGG_05162T0,4802759,4803322,563
MGG_04346,MGG_04346T0,1085117,1086736,1619
MGG_06424,MGG_06424T0,3784809,3786933,2124
MGG_07824,MGG_07824T0,5880526,5881520,994
MGG_09227,MGG_09227T0,3830825,3832999,2174
MGG_04602,MGG_04602T0,1064754,1068567,3813
MGG_17498,MGG_17498T0,3596432,3597125,693
MGG_11530,MGG_11530T0,2139173,2141210,2037
MGG_01661,MGG_01661T0,4375150,4379185,4035
MGG_10610,MGG_10610T0,6511206,6512342,1136
MGG_17175,MGG_17175T0,3413182,3413820,638
MGG_05357,MGG_05357T0,4934216,4936622,2406
MGG_08086,MGG_08086T0,5640599,5641307,708
MGG_17673,MGG_17673T0,1608787,1609512,725
MGG_07928,MGG_07928T0,6276358,6277386,1028
MGG_08811,MGG_08811T0,50022,51262,1240
MGG_01323,MGG_01323T0,3096336,3099021,2685
MGG_01159,MGG_01159T0,301199,302292,1093
MGG_02825,MGG_02825T0,1380701,1381646,945
MGG_03728,MGG_03728T0,899873,901396,1523
MGG_16892,MGG_16892T0,5073760,5074056,296
MGG_01750,MGG_01750T0,4691720,4695613,3893
MGG_06954,MGG_06954T0,3359702,3362981,3279
MGG_15882,MGG_15882T0,6848704,6849032,328
MGG_06318,MGG_06318T0,4178330,4184260,5930
MGG_05185,MGG_05185T0,4885298,4887667,2369
MGG_13252,MGG_13252T0,2011100,2013095,1995
MGG_07414,MGG_07414T0,542553,544301,1748
MGG_17844,MGG_17844T0,4100513,4101609,1096
MGG_10712,MGG_10712T0,3744772,3746393,1621
MGG_03769,MGG_03769T0,3122412,3124199,1787
MGG_01883,MGG_01883T0,5197571,5200598,3027
MGG_03883,MGG_03883T0,2715937,2718583,2646
MGG_07897,MGG_07897T0,6179256,6179848,592
MGG_09447,MGG_09447T0,3243011,3243694,683
MGG_15659,MGG_15659T0,2937537,2937985,448
MGG_16370,MGG_16370T0,5304585,5305047,462
MGG_17956,MGG_17956T0,1409362,1409664,302
MGG_16747,MGG_16747T0,2377434,2379319,1885
MGG_13140,MGG_13140T0,5927771,5928776,1005
MGG_04757,MGG_04757T0,6757289,6759894,2605
MGG_08071,MGG_08071T0,5591542,5595482,3940
MGG_15439,MGG_15439T0,36354,37415,1061
MGG_01673,MGG_01673T0,4413379,4419236,5857
MGG_16584,MGG_16584T0,26400,27483,1083
MGG_15039,MGG_15039T0,441625,442033,408
MGG_11069,MGG_11069T0,832511,833749,1238
MGG_01400,MGG_01400T0,3405583,3407020,1437
MGG_01022,MGG_01022T0,774873,776087,1214
MGG_16618,MGG_16618T0,490582,491025,443
MGG_10050,MGG_10050T0,4797207,4799096,1889
MGG_18125,MGG_18125T0,386215,387077,862
MGG_08704,MGG_08704T0,401916,406456,4540
MGG_17129,MGG_17129T0,2684624,2685154,530
MGG_04133,MGG_04133T0,1841161,1845273,4112
MGG_06264,MGG_06264T0,4356970,4357986,1016
MGG_15640,MGG_15640T0,2640524,2641444,920
MGG_14232,MGG_14232T0,237980,241092,3112
MGG_06433,MGG_06433T0,3755920,3757213,1293
MGG_06749,MGG_06749T0,2594045,2595516,1471
MGG_17348,MGG_17348T0,1201783,1203719,1936
MGG_11160,MGG_11160T0,4610602,4614028,3426
MGG_04765,MGG_04765T0,6751134,6753111,1977
MGG_06927,MGG_06927T0,3283366,3284211,845
MGG_12122,MGG_12122T0,2367071,2372264,5193
MGG_04936,MGG_04936T0,4009086,4011340,2254
MGG_09419,MGG_09419T0,3344615,3346472,1857
MGG_05833,MGG_05833T0,1641078,1642950,1872
MGG_08431,MGG_08431T0,177932,179260,1328
MGG_14234,MGG_14234T0,232428,237977,5549
MGG_02511,MGG_02511T0,2161002,2162516,1514
MGG_17970,MGG_17970T0,1574036,1574670,634
MGG_02439,MGG_02439T0,1852321,1853601,1280
MGG_11478,MGG_11478T0,1318452,1318964,512
MGG_01971,MGG_01971T0,93636,94806,1170
MGG_17710,MGG_17710T0,2288852,2289359,507
MGG_15630,MGG_15630T0,2464192,2464829,637
MGG_01072,MGG_01072T0,607824,611250,3426
MGG_16851,MGG_16851T0,4414496,4414898,402
MGG_07981,MGG_07981T0,6446221,6448073,1852
MGG_13646,MGG_13646T0,5254492,5256282,1790
MGG_12810,MGG_12810T0,3412450,3412695,245
MGG_08359,MGG_08359T0,7719656,7721540,1884
MGG_05809,MGG_05809T0,3044901,3047815,2914
MGG_00940,MGG_00940T0,1050797,1053086,2289
MGG_03999,MGG_03999T0,2280042,2281806,1764
MGG_16510,MGG_16510T0,7067855,7068951,1096
MGG_08840,MGG_08840T0,1825256,1827444,2188
MGG_17679,MGG_17679T0,1787472,1790616,3144
MGG_14087,MGG_14087T0,220882,224070,3188
MGG_17458,MGG_17458T0,2908880,2909365,485
MGG_05746,MGG_05746T0,6367919,6374160,6241
MGG_08515,MGG_08515T0,486082,486828,746
MGG_00731,MGG_00731T0,1838244,1842185,3941
MGG_09886,MGG_09886T0,4232253,4233689,1436
MGG_10660,MGG_10660T0,4572932,4574735,1803
MGG_17276,MGG_17276T0,5371250,5371465,215
MGG_06508,MGG_06508T0,3481829,3483515,1686
MGG_17688,MGG_17688T0,1953129,1954742,1613
MGG_16800,MGG_16800T0,3529943,3530897,954
MGG_03253,MGG_03253T0,2526964,2531958,4994
MGG_07749,MGG_07749T0,5621876,5622581,705
MGG_11174,MGG_11174T0,4305344,4311118,5774
MGG_15761,MGG_15761T0,4600812,4601461,649
MGG_05017,MGG_05017T0,4325612,4327654,2042
MGG_17431,MGG_17431T0,2565467,2566181,714
MGG_02505,MGG_02505T0,2138300,2140550,2250
MGG_01368,MGG_01368T0,3284604,3285822,1218
MGG_17586,MGG_17586T0,488907,490169,1262
MGG_07502,MGG_07502T0,857244,859072,1828
MGG_04555,MGG_04555T0,7222836,7224576,1740
MGG_07465,MGG_07465T0,735220,738247,3027
MGG_14970,MGG_14970T0,779905,781164,1259
MGG_06347,MGG_06347T0,4077543,4078505,962
MGG_06860,MGG_06860T0,3010680,3014470,3790
MGG_02394,MGG_02394T0,1680770,1682287,1517
MGG_03654,MGG_03654T0,1120832,1121712,880
MGG_03891,MGG_03891T0,2691178,2692096,918
MGG_06766,MGG_06766T0,2646011,2648895,2884
MGG_16459,MGG_16459T0,6357919,6359200,1281
MGG_01333,MGG_01333T0,3139679,3141017,1338
MGG_13401,MGG_13401T0,797067,798855,1788
MGG_11779,MGG_11779T0,3516902,3524086,7184
MGG_07955,MGG_07955T0,6376508,6377400,892
MGG_00797,MGG_00797T0,1590742,1592234,1492
MGG_07128,MGG_07128T0,6474927,6476333,1406
MGG_12309,MGG_12309T0,5976777,5980356,3579
MGG_09570,MGG_09570T0,3235712,3236797,1085
MGG_17008,MGG_17008T0,131785,132247,462
MGG_05181,MGG_05181T0,4858339,4861014,2675
MGG_06732,MGG_06732T0,2540924,2543401,2477
MGG_15458,MGG_15458T0,5554562,5555025,463
MGG_02074,MGG_02074T0,487089,491860,4771
MGG_10300,MGG_10300T0,199632,200846,1214
MGG_02644,MGG_02644T0,2082012,2085995,3983
MGG_16250,MGG_16250T0,3844946,3846348,1402
MGG_06549,MGG_06549T0,3323817,3324848,1031
MGG_17984,MGG_17984T0,1760484,1761744,1260
MGG_17532,MGG_17532T0,4091203,4092977,1774
MGG_14237,MGG_14237T0,215965,216920,955
MGG_04372,MGG_04372T0,661859,664394,2535
MGG_08832,MGG_08832T0,1807038,1808830,1792
MGG_16944,MGG_16944T0,5932886,5933869,983
MGG_00489,MGG_00489T0,2735364,2737113,1749
MGG_09829,MGG_09829T0,3978412,3982101,3689
MGG_02805,MGG_02805T0,1452846,1453610,764
MGG_00820,MGG_00820T0,1499268,1502250,2982
MGG_12850,MGG_12850T0,4023364,4024315,951
MGG_13225,MGG_13225T0,2429144,2431200,2056
MGG_17489,MGG_17489T0,3490560,3491055,495
MGG_07443,MGG_07443T0,660474,662011,1537
MGG_05667,MGG_05667T0,6055065,6056966,1901
MGG_08024,MGG_08024T0,5451736,5452044,308
MGG_12582,MGG_12582T0,1257534,1258265,731
MGG_01944,MGG_01944T0,584260,585598,1338
MGG_14109,MGG_14109T0,69092,69647,555
MGG_01306,MGG_01306T0,3047208,3049119,1911
MGG_07786,MGG_07786T0,5757156,5757755,599
MGG_02749,MGG_02749T0,1666657,1668692,2035
MGG_18092,MGG_18092T0,3316372,3316722,350
MGG_16601,MGG_16601T0,315665,317558,1893
MGG_00847,MGG_00847T0,1409680,1412905,3225
MGG_15998,MGG_15998T0,251541,252138,597
MGG_12627,MGG_12627T0,1989965,1991658,1693
MGG_11967,MGG_11967T0,1302154,1302501,347
MGG_15244,MGG_15244T0,5527211,5527741,530
MGG_12594,MGG_12594T0,1574649,1577084,2435
MGG_17632,MGG_17632T0,1193600,1194374,774
MGG_08612,MGG_08612T0,7571568,7573511,1943
MGG_11804,MGG_11804T0,3101130,3102498,1368
MGG_09508,MGG_09508T0,3441350,3442781,1431
MGG_15663,MGG_15663T0,2979176,2979634,458
MGG_17289,MGG_17289T0,22629,23290,661
MGG_13645,MGG_13645T0,5252337,5253895,1558
MGG_03902,MGG_03902T0,2648931,2650226,1295
MGG_06306,MGG_06306T0,4216197,4221374,5177
MGG_08343,MGG_08343T0,7764986,7766532,1546
MGG_04075,MGG_04075T0,2042308,2043887,1579
MGG_08266,MGG_08266T0,8065191,8067298,2107
MGG_08602,MGG_08602T0,830560,832203,1643
MGG_09794,MGG_09794T0,4099117,4100436,1319
MGG_13719,MGG_13719T0,702444,703810,1366
MGG_00207,MGG_00207T0,3686811,3687958,1147
MGG_16269,MGG_16269T0,4079343,4080282,939
MGG_08267,MGG_08267T0,8061057,8063999,2942
MGG_15017,MGG_15017T0,1920062,1920716,654
MGG_10516,MGG_10516T0,4684780,4686897,2117
MGG_10671,MGG_10671T0,106462,108451,1989
MGG_15960,MGG_15960T0,8071056,8071962,906
MGG_13013,MGG_13013T0,3211279,3217913,6634
MGG_02031,MGG_02031T0,294898,295846,948
MGG_07045,MGG_07045T0,6178421,6182042,3621
MGG_16100,MGG_16100T0,1441597,1442386,789
MGG_16323,MGG_16323T0,4791022,4791630,608
MGG_16232,MGG_16232T0,3468903,3469645,742
MGG_01275,MGG_01275T0,2933455,2936172,2717
MGG_11408,MGG_11408T0,593055,595777,2722
MGG_02916,MGG_02916T0,1039225,1047169,7944
MGG_16427,MGG_16427T0,5899105,5906195,7090
MGG_15747,MGG_15747T0,4312673,4313748,1075
MGG_03669,MGG_03669T0,1073546,1077710,4164
MGG_06509,MGG_06509T0,3480266,3482044,1778
MGG_12505,MGG_12505T0,93108,94592,1484
MGG_12141,MGG_12141T0,2069984,2077014,7030
MGG_15060,MGG_15060T0,5854386,5856619,2233
MGG_01724,MGG_01724T0,4580096,4582016,1920
MGG_01196,MGG_01196T0,2604495,2608291,3796
MGG_07182,MGG_07182T0,6662172,6663630,1458
MGG_01222,MGG_01222T0,2726390,2727447,1057
MGG_04900,MGG_04900T0,3892262,3895446,3184
MGG_17104,MGG_17104T0,2124796,2125095,299
MGG_15528,MGG_15528T0,607419,609526,2107
MGG_00753,MGG_00753T0,1759836,1763511,3675
MGG_06616,MGG_06616T0,3086072,3088337,2265
MGG_01741,MGG_01741T0,4654881,4665766,10885
MGG_07309,MGG_07309T0,7186222,7187641,1419
MGG_07479,MGG_07479T0,777558,781107,3549
MGG_08556,MGG_08556T0,643591,646713,3122
MGG_17339,MGG_17339T0,1068801,1070574,1773
MGG_17044,MGG_17044T0,735825,736542,717
MGG_08808,MGG_08808T0,54732,55952,1220
MGG_04909,MGG_04909T0,3917567,3919271,1704
MGG_06126,MGG_06126T0,2658973,2661584,2611
MGG_08035,MGG_08035T0,5491540,5493673,2133
MGG_15704,MGG_15704T0,3630624,3634252,3628
MGG_12616,MGG_12616T0,1901148,1902897,1749
MGG_09845,MGG_09845T0,3921593,3922419,826
MGG_12712,MGG_12712T0,2071354,2074155,2801
MGG_10156,MGG_10156T0,1637367,1638630,1263
MGG_17616,MGG_17616T0,919221,921143,1922
MGG_16451,MGG_16451T0,6248462,6248755,293
MGG_16891,MGG_16891T0,5063392,5065140,1748
MGG_15916,MGG_15916T0,7451835,7452979,1144
MGG_14141,MGG_14141T0,120969,121456,487
MGG_00198,MGG_00198T0,3757484,3759307,1823
MGG_17081,MGG_17081T0,1627689,1629993,2304
MGG_04639,MGG_04639T0,7017367,7020118,2751
MGG_16753,MGG_16753T0,2492242,2492970,728
MGG_16073,MGG_16073T0,1075332,1075794,462
MGG_04901,MGG_04901T0,3896149,3897609,1460
MGG_06631,MGG_06631T0,3043582,3046159,2577
MGG_15211,MGG_15211T0,1096789,1098317,1528
MGG_00063,MGG_00063T0,4248153,4255066,6913
MGG_05033,MGG_05033T0,4364631,4367012,2381
MGG_07594,MGG_07594T0,1141635,1142515,880
MGG_15306,MGG_15306T0,6942532,6943894,1362
MGG_05275,MGG_05275T0,5242077,5244292,2215
MGG_01837,MGG_01837T0,5048500,5052182,3682
MGG_09546,MGG_09546T0,3319164,3320456,1292
MGG_15496,MGG_15496T0,95695,99013,3318
MGG_02641,MGG_02641T0,2095324,2097911,2587
MGG_10593,MGG_10593T0,2778912,2779574,662
MGG_18074,MGG_18074T0,3049055,3049360,305
MGG_06082,MGG_06082T0,2516550,2518676,2126
MGG_09096,MGG_09096T0,144111,147890,3779
MGG_04166,MGG_04166T0,1741150,1743120,1970
MGG_04246,MGG_04246T0,1430773,1431664,891
MGG_08021,MGG_08021T0,5440724,5442347,1623
MGG_03204,MGG_03204T0,2702653,2707372,4719
MGG_01079,MGG_01079T0,581445,583273,1828
MGG_01272,MGG_01272T0,2912376,2915600,3224
MGG_14642,MGG_14642T0,1026091,1027354,1263
MGG_12475,MGG_12475T0,7961272,7962770,1498
MGG_06330,MGG_06330T0,4131419,4131949,530
MGG_01949,MGG_01949T0,42735,45926,3191
MGG_07657,MGG_07657T0,1390074,1391850,1776
MGG_15971,MGG_15971T0,8219146,8220904,1758
MGG_00338,MGG_00338T0,3205066,3208598,3532
MGG_11305,MGG_11305T0,2191902,2193181,1279
MGG_17559,MGG_17559T0,20770,21233,463
MGG_06201,MGG_06201T0,2921468,2922208,740
MGG_16646,MGG_16646T0,793095,793944,849
MGG_00476,MGG_00476T0,2761593,2764411,2818
MGG_06022,MGG_06022T0,2301335,2307324,5989
MGG_06638,MGG_06638T0,2220535,2223345,2810
MGG_10460,MGG_10460T0,315615,316372,757
MGG_01665,MGG_01665T0,4386160,4388096,1936
MGG_00480,MGG_00480T0,2753854,2755237,1383
MGG_00408,MGG_00408T0,2981782,2983920,2138
MGG_12709,MGG_12709T0,2023924,2026963,3039
MGG_16300,MGG_16300T0,4410309,4412673,2364
MGG_05389,MGG_05389T0,5059069,5059471,402
MGG_01284,MGG_01284T0,2962637,2964800,2163
MGG_03959,MGG_03959T0,2427237,2429807,2570
MGG_04482,MGG_04482T0,7344964,7346726,1762
MGG_05015,MGG_05015T0,4307065,4309605,2540
MGG_07233,MGG_07233T0,6899807,6902306,2499
MGG_00031,MGG_00031T0,4370158,4372812,2654
MGG_02901,MGG_02901T0,1092491,1093907,1416
MGG_04219,MGG_04219T0,1514733,1517094,2361
MGG_12124,MGG_12124T0,2360071,2360411,340
MGG_18082,MGG_18082T0,3171274,3172810,1536
MGG_00685,MGG_00685T0,1997991,2000740,2749
MGG_13205,MGG_13205T0,2666909,2668415,1506
MGG_10772,MGG_10772T0,115745,116738,993
MGG_04717,MGG_04717T0,6874926,6877095,2169
MGG_12827,MGG_12827T0,3593040,3597017,3977
MGG_03162,MGG_03162T0,2839126,2843878,4752
MGG_06002,MGG_06002T0,2251036,2253115,2079
MGG_17093,MGG_17093T0,1852538,1853273,735
MGG_14499,MGG_14499T0,2457671,2459881,2210
MGG_09525,MGG_09525T0,3373930,3376831,2901
MGG_18058,MGG_18058T0,2879665,2880127,462
MGG_15015,MGG_15015T0,1809119,1809698,579
MGG_02819,MGG_02819T0,1399846,1402181,2335
MGG_07179,MGG_07179T0,6654183,6657290,3107
MGG_03042,MGG_03042T0,538627,539936,1309
MGG_08563,MGG_08563T0,675851,676928,1077
MGG_05579,MGG_05579T0,5704982,5706495,1513
MGG_15600,MGG_15600T0,1952878,1956693,3815
MGG_00487,MGG_00487T0,2738535,2741581,3046
MGG_17618,MGG_17618T0,935468,937180,1712
MGG_05246,MGG_05246T0,5135667,5139063,3396
MGG_17891,MGG_17891T0,662358,662522,164
MGG_15516,MGG_15516T0,292173,293123,950
MGG_02430,MGG_02430T0,1833834,1834769,935
MGG_03496,MGG_03496T0,1685796,1687450,1654
MGG_11147,MGG_11147T0,4735971,4736308,337
MGG_07806,MGG_07806T0,5829125,5830869,1744
MGG_10197,MGG_10197T0,1729187,1732292,3105
MGG_16324,MGG_16324T0,4808350,4808598,248
MGG_17540,MGG_17540T0,4167062,4170454,3392
MGG_01032,MGG_01032T0,737667,741152,3485
MGG_16132,MGG_16132T0,2083193,2083376,183
MGG_01698,MGG_01698T0,4501420,4503864,2444
MGG_06943,MGG_06943T0,3327983,3328830,847
MGG_13157,MGG_13157T0,6261253,6264213,2960
MGG_08644,MGG_08644T0,7657301,7658142,841
MGG_13861,MGG_13861T0,5910464,5912042,1578
MGG_15349,MGG_15349T0,291722,293472,1750
MGG_04508,MGG_04508T0,7276422,7278573,2151
MGG_03767,MGG_03767T0,3127469,3129151,1682
MGG_04447,MGG_04447T0,832781,834050,1269
MGG_06266,MGG_06266T0,4352085,4354572,2487
MGG_12996,MGG_12996T0,3461354,3463278,1924
MGG_03793,MGG_03793T0,3038687,3039780,1093
MGG_09758,MGG_09758T0,5288280,5292705,4425
MGG_12845,MGG_12845T0,3918886,3919726,840
MGG_09632,MGG_09632T0,3138615,3140006,1391
MGG_11470,MGG_11470T0,1135382,1138576,3194
MGG_00087,MGG_00087T0,4162832,4164490,1658
MGG_02693,MGG_02693T0,1857626,1858639,1013
MGG_03268,MGG_03268T0,2460187,2461382,1195
MGG_16493,MGG_16493T0,6709833,6710486,653
MGG_00564,MGG_00564T0,2475832,2476518,686
MGG_17245,MGG_17245T0,4899572,4899925,353
MGG_02846,MGG_02846T0,1294874,1300669,5795
MGG_15872,MGG_15872T0,6689922,6690660,738
MGG_09755,MGG_09755T0,5297605,5302133,4528
MGG_10060,MGG_10060T0,4772730,4774093,1363
MGG_15803,MGG_15803T0,5445803,5449425,3622
MGG_10824,MGG_10824T0,542262,544003,1741
MGG_04104,MGG_04104T0,1947726,1948897,1171
MGG_08440,MGG_08440T0,217232,219736,2504
MGG_04622,MGG_04622T0,7084606,7086014,1408
MGG_08927,MGG_08927T0,2150829,2153533,2704
MGG_16143,MGG_16143T0,2238795,2239780,985
MGG_08210,MGG_08210T0,6087969,6089499,1530
MGG_15984,MGG_15984T0,42074,42397,323
MGG_14636,MGG_14636T0,465060,466944,1884
MGG_17793,MGG_17793T0,3493899,3498581,4682
MGG_17704,MGG_17704T0,2138885,2141537,2652
MGG_16958,MGG_16958T0,6176830,6178327,1497
MGG_16692,MGG_16692T0,1567378,1568117,739
MGG_12330,MGG_12330T0,6265591,6266835,1244
MGG_04008,MGG_04008T0,2250052,2251835,1783
MGG_01185,MGG_01185T0,2546052,2548168,2116
MGG_01285,MGG_01285T0,2966451,2970143,3692
MGG_04967,MGG_04967T0,4097244,4101723,4479
MGG_13035,MGG_13035T0,5044299,5045358,1059
MGG_03543,MGG_03543T0,1526228,1528732,2504
MGG_02491,MGG_02491T0,2064696,2070608,5912
MGG_05343,MGG_05343T0,4882196,4885878,3682
MGG_08686,MGG_08686T0,462096,464347,2251
MGG_16727,MGG_16727T0,2159435,2159752,317
MGG_08888,MGG_08888T0,2000255,2003474,3219
MGG_08774,MGG_08774T0,157270,160227,2957
MGG_17656,MGG_17656T0,1356669,1357555,886
MGG_17300,MGG_17300T0,92196,93600,1404
MGG_03182,MGG_03182T0,2786742,2789076,2334
MGG_12726,MGG_12726T0,2314243,2315464,1221
MGG_02966,MGG_02966T0,811139,813060,1921
MGG_03395,MGG_03395T0,2037326,2038229,903
MGG_16063,MGG_16063T0,965891,967788,1897
MGG_12370,MGG_12370T0,6674929,6676666,1737
MGG_01274,MGG_01274T0,2930372,2932006,1634
MGG_13463,MGG_13463T0,1553727,1554267,540
MGG_16349,MGG_16349T0,5074753,5075127,374
MGG_06021,MGG_06021T0,2297234,2300433,3199
MGG_08947,MGG_08947T0,2246494,2248221,1727
MGG_03166,MGG_03166T0,2829399,2830914,1515
MGG_00273,MGG_00273T0,3454040,3454577,537
MGG_02872,MGG_02872T0,1209362,1210673,1311
MGG_04385,MGG_04385T0,703370,707367,3997
MGG_12728,MGG_12728T0,2325641,2326105,464
MGG_01681,MGG_01681T0,4446475,4448001,1526
MGG_00032,MGG_00032T0,4359511,4361553,2042
MGG_17267,MGG_17267T0,5232036,5232362,326
MGG_17039,MGG_17039T0,651090,651382,292
MGG_17925,MGG_17925T0,1020295,1020599,304
MGG_02475,MGG_02475T0,1993241,1996225,2984
MGG_00058,MGG_00058T0,4269742,4271203,1461
MGG_05849,MGG_05849T0,1708852,1709758,906
MGG_08088,MGG_08088T0,5645470,5648763,3293
MGG_16731,MGG_16731T0,2204822,2205140,318
MGG_13518,MGG_13518T0,1347611,1349455,1844
MGG_03763,MGG_03763T0,3140128,3143024,2896
MGG_13427,MGG_13427T0,1145852,1146973,1121
MGG_10102,MGG_10102T0,4647843,4648583,740
MGG_15025,MGG_15025T0,1952669,1954734,2065
MGG_09997,MGG_09997T0,5007776,5010628,2852
MGG_06649,MGG_06649T0,2280251,2285362,5111
MGG_17878,MGG_17878T0,512235,513759,1524
MGG_02617,MGG_02617T0,2186020,2188109,2089
MGG_17246,MGG_17246T0,4960932,4963754,2822
MGG_16354,MGG_16354T0,5113384,5113685,301
MGG_17852,MGG_17852T0,135194,135656,462
MGG_02440,MGG_02440T0,1860067,1863769,3702
MGG_17373,MGG_17373T0,1715574,1719311,3737
MGG_15673,MGG_15673T0,3178213,3178595,382
MGG_08252,MGG_08252T0,8104785,8106881,2096
MGG_17946,MGG_17946T0,1216721,1217059,338
MGG_03921,MGG_03921T0,2569882,2571594,1712
MGG_16041,MGG_16041T0,721535,721976,441
MGG_11633,MGG_11633T0,3649047,3651895,2848
MGG_03210,MGG_03210T0,2679870,2681855,1985
MGG_11590,MGG_11590T0,3142263,3145568,3305
MGG_01363,MGG_01363T0,3261719,3262853,1134
MGG_04414,MGG_04414T0,746757,748130,1373
MGG_07802,MGG_07802T0,5803575,5805490,1915
MGG_16811,MGG_16811T0,3632798,3633109,311
MGG_17714,MGG_17714T0,2324989,2327239,2250
MGG_17106,MGG_17106T0,2144718,2145380,662
MGG_04190,MGG_04190T0,1650331,1653742,3411
MGG_17497,MGG_17497T0,3594638,3594884,246
MGG_01895,MGG_01895T0,5246011,5247219,1208
MGG_01195,MGG_01195T0,2602449,2603290,841
MGG_05601,MGG_05601T0,5811121,5812548,1427
MGG_05074,MGG_05074T0,4514284,4517663,3379
MGG_08408,MGG_08408T0,7536201,7537317,1116
MGG_14150,MGG_14150T0,64242,66512,2270
MGG_06762,MGG_06762T0,2632743,2636133,3390
MGG_08371,MGG_08371T0,7669613,7670759,1146
MGG_14570,MGG_14570T0,2869348,2870907,1559
MGG_10112,MGG_10112T0,4605429,4607618,2189
MGG_12264,MGG_12264T0,5483647,5484733,1086
MGG_03545,MGG_03545T0,1517551,1521784,4233
MGG_05369,MGG_05369T0,4979558,4981273,1715
MGG_17357,MGG_17357T0,1367429,1369254,1825
MGG_17137,MGG_17137T0,2889757,2890068,311
MGG_01815,MGG_01815T0,4938328,4941750,3422
MGG_11075,MGG_11075T0,10699,12751,2052
MGG_17387,MGG_17387T0,1873392,1874514,1122
MGG_15855,MGG_15855T0,6351645,6353373,1728
MGG_06394,MGG_06394T0,3895432,3898504,3072
MGG_08548,MGG_08548T0,603516,605279,1763
MGG_17440,MGG_17440T0,2623585,2626241,2656
MGG_17005,MGG_17005T0,125674,126021,347
MGG_07970,MGG_07970T0,6421052,6422916,1864
MGG_04486,MGG_04486T0,7331075,7336497,5422
MGG_16622,MGG_16622T0,521556,521994,438
MGG_09830,MGG_09830T0,3972264,3977404,5140
MGG_13842,MGG_13842T0,5738512,5741698,3186
MGG_04014,MGG_04014T0,2231964,2234442,2478
MGG_08317,MGG_08317T0,7893095,7894654,1559
MGG_08103,MGG_08103T0,5704839,5705953,1114
MGG_16316,MGG_16316T0,4690292,4691999,1707
MGG_07323,MGG_07323T0,7255120,7257368,2248
MGG_17428,MGG_17428T0,2488874,2489467,593
MGG_17088,MGG_17088T0,1810721,1811568,847
MGG_01857,MGG_01857T0,5122440,5125708,3268
MGG_08785,MGG_08785T0,127842,129838,1996
MGG_04607,MGG_04607T0,1081400,1083428,2028
MGG_08748,MGG_08748T0,267279,270688,3409
MGG_09564,MGG_09564T0,3257262,3261213,3951
MGG_14767,MGG_14767T0,2316739,2323573,6834
MGG_16021,MGG_16021T0,407927,410609,2682
MGG_13217,MGG_13217T0,2505850,2508851,3001
MGG_01215,MGG_01215T0,2688049,2692293,4244
MGG_03160,MGG_03160T0,2847195,2848763,1568
MGG_03168,MGG_03168T0,2821684,2823903,2219
MGG_04865,MGG_04865T0,3769623,3772630,3007
MGG_17028,MGG_17028T0,482555,483317,762
MGG_10600,MGG_10600T0,2739831,2745228,5397
MGG_17994,MGG_17994T0,1905019,1905372,353
MGG_15912,MGG_15912T0,7398177,7398602,425
MGG_01882,MGG_01882T0,5195899,5197379,1480
MGG_09708,MGG_09708T0,5424885,5425649,764
MGG_03707,MGG_03707T0,953891,956273,2382
MGG_00887,MGG_00887T0,1241571,1244046,2475
MGG_03482,MGG_03482T0,1723357,1724597,1240
MGG_06159,MGG_06159T0,2775992,2778086,2094
MGG_04441,MGG_04441T0,815935,818054,2119
MGG_03340,MGG_03340T0,2206465,2208234,1769
MGG_05444,MGG_05444T0,5233748,5234290,542
MGG_07022,MGG_07022T0,6125427,6127676,2249
MGG_05798,MGG_05798T0,3008709,3009990,1281
MGG_05722,MGG_05722T0,6268281,6271815,3534
MGG_01507,MGG_01507T0,3850719,3853761,3042
MGG_15487,MGG_15487T0,456658,456975,317
MGG_00180,MGG_00180T0,3831458,3833604,2146
MGG_02734,MGG_02734T0,1705768,1708216,2448
MGG_05150,MGG_05150T0,4757721,4758801,1080
MGG_07066,MGG_07066T0,6247574,6250649,3075
MGG_16923,MGG_16923T0,5672582,5673247,665
MGG_00843,MGG_00843T0,1425814,1426780,966
MGG_02895,MGG_02895T0,1110330,1112435,2105
MGG_09437,MGG_09437T0,3280176,3283456,3280
MGG_17302,MGG_17302T0,104085,105894,1809
MGG_18048,MGG_18048T0,2770483,2770755,272
MGG_03838,MGG_03838T0,2874926,2878492,3566
MGG_15743,MGG_15743T0,4219640,4220006,366
MGG_06189,MGG_06189T0,2867158,2869773,2615
MGG_03085,MGG_03085T0,352106,353957,1851
MGG_09859,MGG_09859T0,3866087,3867179,1092
MGG_14824,MGG_14824T0,5100538,5104994,4456
MGG_12615,MGG_12615T0,1898651,1900548,1897
MGG_00601,MGG_00601T0,2342178,2345200,3022
MGG_03404,MGG_03404T0,1998189,1999972,1783
MGG_14759,MGG_14759T0,1973728,1975439,1711
MGG_03426,MGG_03426T0,1905897,1906791,894
MGG_15890,MGG_15890T0,7013756,7014078,322
MGG_07710,MGG_07710T0,5493200,5495124,1924
MGG_11201,MGG_11201T0,3670822,3672135,1313
MGG_08521,MGG_08521T0,500861,502147,1286
MGG_12525,MGG_12525T0,446508,447598,1090
MGG_11362,MGG_11362T0,1314132,1318771,4639
MGG_01656,MGG_01656T0,4357591,4360390,2799
MGG_00329,MGG_00329T0,3246251,3249801,3550
MGG_02856,MGG_02856T0,1256971,1260401,3430
MGG_02968,MGG_02968T0,807500,808198,698
MGG_15506,MGG_15506T0,206763,207342,579
MGG_16429,MGG_16429T0,5919388,5921037,1649
MGG_11169,MGG_11169T0,4445595,4446215,620
MGG_08632,MGG_08632T0,7622438,7625195,2757
MGG_09813,MGG_09813T0,4032655,4034027,1372
MGG_01271,MGG_01271T0,2911457,2912200,743
MGG_06191,MGG_06191T0,2877639,2880526,2887
MGG_17430,MGG_17430T0,2507186,2508375,1189
MGG_14681,MGG_14681T0,2883304,2885413,2109
MGG_15817,MGG_15817T0,5718395,5719688,1293
MGG_03243,MGG_03243T0,2565582,2567998,2416
MGG_02510,MGG_02510T0,2159517,2160690,1173
MGG_17843,MGG_17843T0,4081467,4081837,370
MGG_15065,MGG_15065T0,6024332,6026127,1795
MGG_11497,MGG_11497T0,1704928,1707179,2251
MGG_10646,MGG_10646T0,4525194,4529616,4422
MGG_04580,MGG_04580T0,7164083,7164463,380
MGG_17293,MGG_17293T0,50073,50949,876
MGG_01447,MGG_01447T0,3561023,3566794,5771
MGG_17271,MGG_17271T0,5286746,5288009,1263
MGG_12927,MGG_12927T0,4807213,4809574,2361
MGG_01909,MGG_01909T0,671228,672340,1112
MGG_03284,MGG_03284T0,2399219,2403026,3807
MGG_06258,MGG_06258T0,4377917,4381381,3464
MGG_10372,MGG_10372T0,484926,485774,848
MGG_04326,MGG_04326T0,1168116,1172483,4367
MGG_06853,MGG_06853T0,2994595,2996896,2301
MGG_05164,MGG_05164T0,4810023,4812706,2683
MGG_05717,MGG_05717T0,6229524,6231924,2400
MGG_07756,MGG_07756T0,5646762,5651640,4878
MGG_12184,MGG_12184T0,1475522,1480131,4609
MGG_02711,MGG_02711T0,1783972,1785488,1516
MGG_17042,MGG_17042T0,679255,683206,3951
MGG_10427,MGG_10427T0,1037749,1038709,960
MGG_17869,MGG_17869T0,295652,296005,353
MGG_01505,MGG_01505T0,3848318,3848754,436
MGG_05978,MGG_05978T0,2174284,2175518,1234
MGG_04810,MGG_04810T0,6669695,6670623,928
MGG_09008,MGG_09008T0,2720150,2721135,985
MGG_02026,MGG_02026T0,276842,279089,2247
MGG_15585,MGG_15585T0,1649076,1649669,593
MGG_10869,MGG_10869T0,199111,200762,1651
MGG_04893,MGG_04893T0,3869250,3872017,2767
MGG_16197,MGG_16197T0,3057842,3058882,1040
MGG_06166,MGG_06166T0,2807890,2809552,1662
MGG_02274,MGG_02274T0,1229104,1230049,945
MGG_06644,MGG_06644T0,2247465,2250671,3206
MGG_15932,MGG_15932T0,7681866,7683663,1797
MGG_13024,MGG_13024T0,4981498,4982027,529
MGG_03774,MGG_03774T0,3105542,3108002,2460
MGG_09785,MGG_09785T0,5182577,5183746,1169
MGG_16713,MGG_16713T0,1919052,1919611,559
MGG_16762,MGG_16762T0,2671036,2673991,2955
MGG_10868,MGG_10868T0,193584,196958,3374
MGG_02441,MGG_02441T0,1865583,1868227,2644
MGG_17573,MGG_17573T0,220828,221380,552
MGG_04176,MGG_04176T0,1708508,1711627,3119
MGG_06005,MGG_06005T0,2255769,2258613,2844
MGG_15608,MGG_15608T0,2123872,2124517,645
MGG_01449,MGG_01449T0,3571739,3575045,3306
MGG_04018,MGG_04018T1,2218596,2221575,2979
MGG_04018,MGG_04018T0,2218274,2220772,2498
MGG_15815,MGG_15815T0,5672741,5674075,1334
MGG_00572,MGG_00572T0,2445667,2447464,1797
MGG_01135,MGG_01135T0,375272,376719,1447
MGG_00511,MGG_00511T0,2633366,2634199,833
MGG_15076,MGG_15076T0,6268182,6270237,2055
MGG_08613,MGG_08613T0,7573621,7576308,2687
MGG_00858,MGG_00858T0,1360700,1361249,549
MGG_02887,MGG_02887T0,1140785,1142509,1724
MGG_17172,MGG_17172T0,3372391,3372760,369
MGG_12444,MGG_12444T0,7575289,7576658,1369
MGG_14099,MGG_14099T0,173098,174947,1849
MGG_07511,MGG_07511T0,880833,884180,3347
MGG_04877,MGG_04877T0,3799736,3802110,2374
MGG_06103,MGG_06103T0,2590091,2594669,4578
MGG_12484,MGG_12484T0,8037315,8038960,1645
MGG_07993,MGG_07993T0,5356435,5357144,709
MGG_14795,MGG_14795T0,3996269,3998220,1951
MGG_10797,MGG_10797T0,246928,248322,1394
MGG_15108,MGG_15108T0,8175397,8177395,1998
MGG_02069,MGG_02069T0,472722,473859,1137
MGG_16628,MGG_16628T0,601530,602036,506
MGG_15104,MGG_15104T0,7820546,7821646,1100
MGG_09797,MGG_09797T0,4085851,4086771,920
MGG_01090,MGG_01090T0,543696,548012,4316
MGG_17904,MGG_17904T0,821335,821972,637
MGG_16854,MGG_16854T0,4442458,4445722,3264
MGG_04403,MGG_04403T0,7509070,7509372,302
MGG_14821,MGG_14821T0,5446233,5447224,991
MGG_01030,MGG_01030T0,741927,744623,2696
MGG_13953,MGG_13953T0,312724,314237,1513
MGG_05140,MGG_05140T0,4729282,4730568,1286
MGG_15873,MGG_15873T0,6713946,6714377,431
MGG_12133,MGG_12133T0,2154743,2155881,1138
MGG_14678,MGG_14678T0,2748747,2750501,1754
MGG_11419,MGG_11419T0,471587,474068,2481
MGG_16838,MGG_16838T0,4169229,4169548,319
MGG_15142,MGG_15142T0,5434367,5435655,1288
MGG_09752,MGG_09752T0,5311707,5314010,2303
MGG_15688,MGG_15688T0,3346506,3350504,3998
MGG_04399,MGG_04399T0,7473307,7475587,2280
MGG_05624,MGG_05624T0,5884143,5885837,1694
MGG_06428,MGG_06428T0,3772197,3774791,2594
MGG_07803,MGG_07803T0,5806966,5813141,6175
MGG_16437,MGG_16437T0,6017793,6018308,515
MGG_04080,MGG_04080T0,2026909,2030188,3279
MGG_18121,MGG_18121T0,258325,259502,1177
MGG_15694,MGG_15694T0,3457149,3457575,426
MGG_16883,MGG_16883T0,4980255,4980678,423
MGG_16700,MGG_16700T0,1681993,1682432,439
MGG_03398,MGG_03398T0,2030702,2031373,671
MGG_16848,MGG_16848T0,4391587,4393117,1530
MGG_08123,MGG_08123T0,5771733,5775073,3340
MGG_17463,MGG_17463T0,2976535,2976904,369
MGG_08113,MGG_08113T0,5732948,5734387,1439
MGG_15567,MGG_15567T0,1329355,1329708,353
MGG_00252,MGG_00252T0,3518666,3520735,2069
MGG_10017,MGG_10017T0,4928912,4929832,920
MGG_15275,MGG_15275T0,1879947,1881930,1983
MGG_14686,MGG_14686T0,2933488,2934642,1154
MGG_06769,MGG_06769T0,2671121,2673275,2154
MGG_17052,MGG_17052T0,1050082,1051763,1681
MGG_01345,MGG_01345T0,3188497,3190808,2311
MGG_05564,MGG_05564T0,5669026,5669881,855
MGG_06692,MGG_06692T0,2409527,2410318,791
MGG_06965,MGG_06965T0,3394494,3397744,3250
MGG_00598,MGG_00598T0,2349089,2351669,2580
MGG_08115,MGG_08115T0,5739603,5741185,1582
MGG_17349,MGG_17349T0,1204580,1205151,571
MGG_11998,MGG_11998T0,3613286,3614671,1385
MGG_00438,MGG_00438T0,2893112,2894950,1838
MGG_02514,MGG_02514T0,2164568,2170237,5669
MGG_14603,MGG_14603T0,587647,588497,850
MGG_05332,MGG_05332T0,5427965,5431132,3167
MGG_17196,MGG_17196T0,4268212,4270440,2228
MGG_14825,MGG_14825T0,5121353,5123316,1963
MGG_06090,MGG_06090T0,2540305,2544593,4288
MGG_06499,MGG_06499T0,3509612,3515033,5421
MGG_17960,MGG_17960T0,1471769,1476171,4402
MGG_15669,MGG_15669T0,3080409,3083186,2777
MGG_05250,MGG_05250T0,5151253,5154644,3391
MGG_02401,MGG_02401T0,1722830,1724779,1949
MGG_07903,MGG_07903T0,6197896,6199321,1425
MGG_16033,MGG_16033T0,582149,584032,1883
MGG_11418,MGG_11418T0,502358,503855,1497
MGG_02083,MGG_02083T0,511330,511995,665
MGG_00994,MGG_00994T0,885638,887919,2281
MGG_05206,MGG_05206T0,4956986,4963209,6223
MGG_02937,MGG_02937T0,941917,946513,4596
MGG_04679,MGG_04679T0,6993454,6995957,2503
MGG_12732,MGG_12732T0,2416817,2417587,770
MGG_01905,MGG_01905T0,685569,687104,1535
MGG_07486,MGG_07486T0,798656,802152,3496
MGG_12961,MGG_12961T0,4120733,4122447,1714
MGG_10928,MGG_10928T0,168001,170455,2454
MGG_08841,MGG_08841T0,1827843,1831733,3890
MGG_00726,MGG_00726T0,1867339,1870150,2811
MGG_16246,MGG_16246T0,3756191,3757083,892
MGG_01296,MGG_01296T0,3012768,3015210,2442
MGG_16967,MGG_16967T0,6266420,6267163,743
MGG_07729,MGG_07729T0,5547580,5550210,2630
MGG_17917,MGG_17917T0,975608,976080,472
MGG_04084,MGG_04084T0,2019363,2021970,2607
MGG_05861,MGG_05861T0,1761983,1763869,1886
MGG_08258,MGG_08258T0,8086620,8089191,2571
MGG_17916,MGG_17916T0,963402,963979,577
MGG_10684,MGG_10684T0,55646,56870,1224
MGG_11021,MGG_11021T0,3616387,3619852,3465
MGG_01710,MGG_01710T0,4537542,4539195,1653
MGG_02850,MGG_02850T0,1284212,1285956,1744
MGG_08624,MGG_08624T0,7602688,7603752,1064
MGG_06152,MGG_06152T0,2750418,2751689,1271
MGG_17511,MGG_17511T0,3791366,3791643,277
MGG_08135,MGG_08135T0,5815678,5820438,4760
MGG_16291,MGG_16291T0,4309186,4309810,624
MGG_10827,MGG_10827T0,534580,535602,1022
MGG_16494,MGG_16494T0,6714022,6715109,1087
MGG_03649,MGG_03649T0,1131587,1135750,4163
MGG_14564,MGG_14564T0,3389362,3390604,1242
MGG_01524,MGG_01524T0,3899577,3901531,1954
MGG_04664,MGG_04664T0,1194260,1196297,2037
MGG_14715,MGG_14715T0,3853460,3854236,776
MGG_15722,MGG_15722T0,3860578,3861400,822
MGG_07556,MGG_07556T0,1012633,1014249,1616
MGG_04959,MGG_04959T0,4073584,4074810,1226
MGG_15810,MGG_15810T0,5582176,5587183,5007
MGG_08290,MGG_08290T0,7989807,7991930,2123
MGG_09647,MGG_09647T0,3084084,3085774,1690
MGG_16758,MGG_16758T0,2620551,2620981,430
MGG_08648,MGG_08648T0,7674114,7676374,2260
MGG_00541,MGG_00541T0,2524418,2527705,3287
MGG_01312,MGG_01312T0,3073072,3074373,1301
MGG_03531,MGG_03531T0,1575342,1577984,2642
MGG_10015,MGG_10015T0,4932256,4934196,1940
MGG_13512,MGG_13512T0,1289521,1292244,2723
MGG_00562,MGG_00562T0,2478981,2480994,2013
MGG_06856,MGG_06856T0,2999876,3002504,2628
MGG_17366,MGG_17366T0,1602019,1602427,408
MGG_11643,MGG_11643T0,3785694,3789074,3380
MGG_16577,MGG_16577T0,7962059,7962844,785
MGG_00740,MGG_00740T0,1802632,1805352,2720
MGG_09195,MGG_09195T0,3697060,3698837,1777
MGG_07930,MGG_07930T0,6278866,6279366,500
MGG_16775,MGG_16775T0,3004054,3004714,660
MGG_17318,MGG_17318T0,435979,438910,2931
MGG_16481,MGG_16481T0,6630366,6631465,1099
MGG_11644,MGG_11644T0,3789682,3790652,970
MGG_01461,MGG_01461T0,3617593,3619879,2286
MGG_10488,MGG_10488T0,405655,407096,1441
MGG_09847,MGG_09847T0,3903940,3906705,2765
MGG_12117,MGG_12117T0,2390092,2395043,4951
MGG_15171,MGG_15171T0,6510325,6511115,790
MGG_16792,MGG_16792T0,3313618,3316968,3350
MGG_14753,MGG_14753T0,1619800,1620101,301
MGG_12186,MGG_12186T0,1426315,1427373,1058
MGG_04966,MGG_04966T0,4093138,4095684,2546
MGG_01844,MGG_01844T0,5070428,5074858,4430
MGG_16032,MGG_16032T0,519051,519975,924
MGG_10046,MGG_10046T0,4809008,4812048,3040
MGG_03372,MGG_03372T0,2110236,2110670,434
MGG_05268,MGG_05268T0,5222527,5223807,1280
MGG_17633,MGG_17633T0,1199047,1199348,301
MGG_03320,MGG_03320T0,2269819,2272869,3050
MGG_17685,MGG_17685T0,1908782,1909350,568
MGG_00506,MGG_00506T0,2652430,2657719,5289
MGG_04235,MGG_04235T0,1466526,1472493,5967
MGG_01198,MGG_01198T0,2613131,2615055,1924
MGG_14672,MGG_14672T0,2487923,2488628,705
MGG_17055,MGG_17055T0,1197874,1198259,385
MGG_08270,MGG_08270T0,8054783,8057855,3072
MGG_02561,MGG_02561T0,2375858,2376168,310
MGG_12173,MGG_12173T0,1582432,1585209,2777
MGG_01410,MGG_01410T0,3430620,3432412,1792
MGG_16249,MGG_16249T0,3839213,3840058,845
MGG_04890,MGG_04890T0,3855516,3860649,5133
MGG_08722,MGG_08722T0,346015,352495,6480
MGG_07952,MGG_07952T0,6365161,6365460,299
MGG_12595,MGG_12595T0,1577526,1579104,1578
MGG_06797,MGG_06797T0,2780824,2782960,2136
MGG_10212,MGG_10212T0,405911,409010,3099
MGG_07285,MGG_07285T0,7098707,7102339,3632
MGG_04503,MGG_04503T0,7285650,7289533,3883
MGG_08903,MGG_08903T0,2053336,2056241,2905
MGG_04904,MGG_04904T0,3901939,3904120,2181
MGG_07898,MGG_07898T0,6186204,6187421,1217
MGG_05131,MGG_05131T0,4702399,4704206,1807
MGG_09309,MGG_09309T0,4177799,4180370,2571
MGG_04984,MGG_04984T0,4156162,4160337,4175
MGG_17886,MGG_17886T0,602094,602276,182
MGG_16570,MGG_16570T0,7922288,7922602,314
MGG_03699,MGG_03699T0,985457,987858,2401
MGG_17530,MGG_17530T0,4073457,4074934,1477
MGG_06667,MGG_06667T0,2324252,2324419,167
MGG_12979,MGG_12979T0,3698357,3701758,3401
MGG_01406,MGG_01406T0,3416362,3420400,4038
MGG_00870,MGG_00870T0,1315436,1317057,1621
MGG_08376,MGG_08376T0,7659742,7660318,576
MGG_10865,MGG_10865T0,180926,183037,2111
MGG_15893,MGG_15893T0,7077916,7079001,1085
MGG_15521,MGG_15521T0,365452,366467,1015
MGG_03226,MGG_03226T0,2627603,2629835,2232
MGG_06863,MGG_06863T0,3020672,3023493,2821
MGG_16876,MGG_16876T0,4768569,4768891,322
MGG_05363,MGG_05363T0,4953606,4957650,4044
MGG_08159,MGG_08159T0,5896283,5900069,3786
MGG_10236,MGG_10236T0,356624,361191,4567
MGG_02804,MGG_02804T0,1453632,1456514,2882
MGG_05985,MGG_05985T0,2191826,2194737,2911
MGG_00942,MGG_00942T0,1045963,1048110,2147
MGG_00764,MGG_00764T0,1713416,1715392,1976
MGG_02239,MGG_02239T0,1102527,1103157,630
MGG_06614,MGG_06614T0,3089850,3093885,4035
MGG_17374,MGG_17374T0,1719381,1720541,1160
MGG_14845,MGG_14845T0,4292868,4293495,627
MGG_02407,MGG_02407T0,1741781,1742668,887
MGG_10706,MGG_10706T0,3761965,3763654,1689
MGG_16319,MGG_16319T0,4740307,4743272,2965
MGG_08590,MGG_08590T0,788364,792595,4231
MGG_03951,MGG_03951T0,2462985,2464628,1643
MGG_03132,MGG_03132T0,2961816,2965495,3679
MGG_17990,MGG_17990T0,1829959,1830533,574
MGG_14741,MGG_14741T0,764510,765247,737
MGG_03378,MGG_03378T0,2088146,2093350,5204
MGG_17789,MGG_17789T0,3416461,3416925,464
MGG_02293,MGG_02293T0,1285599,1286054,455
MGG_13256,MGG_13256T0,1981662,1982649,987
MGG_05152,MGG_05152T0,4763062,4766009,2947
MGG_16440,MGG_16440T0,6054018,6054413,395
MGG_09301,MGG_09301T0,4147146,4149087,1941
MGG_07010,MGG_07010T0,3567150,3568792,1642
MGG_03271,MGG_03271T0,2449765,2451965,2200
MGG_08489,MGG_08489T0,402625,405945,3320
MGG_16795,MGG_16795T0,3378009,3378446,437
MGG_18018,MGG_18018T0,2251029,2252184,1155
MGG_07420,MGG_07420T0,565410,567646,2236
MGG_16162,MGG_16162T0,2607649,2609036,1387
MGG_12097,MGG_12097T0,2594916,2597959,3043
MGG_01352,MGG_01352T0,3216654,3220089,3435
MGG_06926,MGG_06926T0,3281771,3283598,1827
MGG_17313,MGG_17313T0,370242,371084,842
MGG_13006,MGG_13006T0,3243465,3246266,2801
MGG_05024,MGG_05024T0,4338295,4340852,2557
MGG_17275,MGG_17275T0,5354006,5354546,540
MGG_07734,MGG_07734T0,5561860,5566165,4305
MGG_04732,MGG_04732T0,6845945,6847868,1923
MGG_01344,MGG_01344T0,3187485,3188645,1160
MGG_15672,MGG_15672T0,3093129,3096059,2930
MGG_15132,MGG_15132T0,4734217,4736183,1966
MGG_15729,MGG_15729T0,3914125,3914602,477
MGG_07141,MGG_07141T0,6523249,6526446,3197
MGG_17006,MGG_17006T0,126771,127208,437
MGG_12574,MGG_12574T0,1203521,1205321,1800
MGG_15447,MGG_15447T0,158057,158766,709
MGG_03486,MGG_03486T0,1713271,1715174,1903
MGG_00282,MGG_00282T0,3425187,3428803,3616
MGG_17272,MGG_17272T0,5297294,5297575,281
MGG_10162,MGG_10162T0,1651625,1654066,2441
MGG_16932,MGG_16932T0,5802815,5803049,234
MGG_00035,MGG_00035T0,4350336,4351802,1466
MGG_07408,MGG_07408T0,505518,512270,6752
MGG_03741,MGG_03741T0,853499,859514,6015
MGG_15705,MGG_15705T0,3634232,3639156,4924
MGG_16929,MGG_16929T0,5787126,5788397,1271
MGG_08904,MGG_08904T0,2056662,2059334,2672
MGG_03231,MGG_03231T0,2614944,2616865,1921
MGG_06060,MGG_06060T0,2425025,2427076,2051
MGG_17952,MGG_17952T0,1301043,1301388,345
MGG_16576,MGG_16576T0,7955343,7955946,603
MGG_16151,MGG_16151T0,2320988,2321417,429
MGG_06361,MGG_06361T0,4024666,4028121,3455
MGG_07277,MGG_07277T0,7061580,7064363,2783
MGG_04322,MGG_04322T0,1184998,1187618,2620
MGG_03544,MGG_03544T0,1523210,1526088,2878
MGG_01381,MGG_01381T0,3327958,3332905,4947
MGG_08481,MGG_08481T0,373875,374381,506
MGG_14838,MGG_14838T0,4533649,4534125,476
MGG_03574,MGG_03574T0,1407375,1409984,2609
MGG_02261,MGG_02261T0,1181307,1183289,1982
MGG_00471,MGG_00471T0,2776299,2779754,3455
MGG_08992,MGG_08992T0,2393589,2393912,323
MGG_17910,MGG_17910T0,869957,870188,231
MGG_06973,MGG_06973T0,3423441,3425404,1963
MGG_11227,MGG_11227T0,3190966,3192575,1609
MGG_07387,MGG_07387T0,406613,409083,2470
MGG_11078,MGG_11078T0,5963694,5966539,2845
MGG_00299,MGG_00299T0,3360431,3363059,2628
MGG_13156,MGG_13156T0,6258750,6261049,2299
MGG_01613,MGG_01613T0,4187122,4190785,3663
MGG_01558,MGG_01558T0,4002031,4006925,4894
MGG_12107,MGG_12107T0,2481985,2484017,2032
MGG_02559,MGG_02559T0,2379832,2381336,1504
MGG_05059,MGG_05059T0,4453577,4454264,687
MGG_16010,MGG_16010T0,337554,337883,329
MGG_02897,MGG_02897T0,1105173,1108374,3201
MGG_07222,MGG_07222T0,6858416,6861507,3091
MGG_17174,MGG_17174T0,3397907,3398800,893
MGG_15410,MGG_15410T0,142584,143538,954
MGG_03361,MGG_03361T0,2138713,2140020,1307
MGG_03217,MGG_03217T0,2659764,2662026,2262
MGG_09448,MGG_09448T0,3240696,3242452,1756
MGG_00651,MGG_00651T0,2131408,2133285,1877
MGG_03664,MGG_03664T0,1094582,1097644,3062
MGG_18057,MGG_18057T0,2862423,2864651,2228
MGG_01308,MGG_01308T0,3050730,3054336,3606
MGG_10033,MGG_10033T0,4862971,4863974,1003
MGG_05501,MGG_05501T0,5447689,5450158,2469
MGG_08325,MGG_08325T0,7817033,7820914,3881
MGG_05520,MGG_05520T0,5495343,5497702,2359
MGG_15679,MGG_15679T0,3246243,3246892,649
MGG_07429,MGG_07429T0,602730,604137,1407
MGG_14954,MGG_14954T0,3648643,3650356,1713
MGG_00112,MGG_00112T0,4094666,4096047,1381
MGG_05689,MGG_05689T0,6128221,6129997,1776
MGG_01027,MGG_01027T0,751086,754102,3016
MGG_14907,MGG_14907T0,1694562,1697259,2697
MGG_10474,MGG_10474T0,359967,361548,1581
MGG_17708,MGG_17708T0,2186618,2188670,2052
MGG_07870,MGG_07870T0,6108545,6110286,1741
MGG_04506,MGG_04506T0,7279672,7281059,1387
MGG_04252,MGG_04252T0,1408165,1410462,2297
MGG_05151,MGG_05151T0,4759512,4762203,2691
MGG_07629,MGG_07629T0,1264597,1267245,2648
MGG_03059,MGG_03059T0,457267,462434,5167
MGG_03286,MGG_03286T0,2392281,2396575,4294
MGG_14839,MGG_14839T0,4524796,4526193,1397
MGG_05216,MGG_05216T0,4995611,4999530,3919
MGG_14649,MGG_14649T0,1210254,1211390,1136
MGG_04051,MGG_04051T0,2118813,2121894,3081
MGG_00521,MGG_00521T0,2610520,2614004,3484
MGG_05911,MGG_05911T0,1921316,1921756,440
MGG_01493,MGG_01493T0,3765269,3768688,3419
MGG_00477,MGG_00477T0,2758385,2760990,2605
MGG_15576,MGG_15576T0,1519350,1521109,1759
MGG_13106,MGG_13106T0,5524374,5525609,1235
MGG_09925,MGG_09925T0,4358935,4363417,4482
MGG_08570,MGG_08570T0,705955,707927,1972
MGG_03981,MGG_03981T0,2338152,2339197,1045
MGG_17127,MGG_17127T0,2577247,2578116,869
MGG_05925,MGG_05925T0,1987451,1989110,1659
MGG_10527,MGG_10527T0,4723607,4725631,2024
MGG_03877,MGG_03877T0,2732722,2734629,1907
MGG_00714,MGG_00714T0,1901851,1902764,913
MGG_05240,MGG_05240T0,5106622,5108865,2243
MGG_15829,MGG_15829T0,5868290,5869109,819
MGG_00519,MGG_00519T0,2615398,2618388,2990
MGG_11927,MGG_11927T0,1624541,1625854,1313
MGG_01823,MGG_01823T0,4979923,4982606,2683
MGG_17173,MGG_17173T0,3381405,3381816,411
MGG_11693,MGG_11693T0,4366861,4368652,1791
MGG_15026,MGG_15026T0,1958779,1962997,4218
MGG_06958,MGG_06958T0,3373576,3376070,2494
MGG_00527,MGG_00527T0,2598978,2599732,754
MGG_07219,MGG_07219T0,6833175,6840086,6911
MGG_05301,MGG_05301T0,5327070,5328056,986
MGG_17448,MGG_17448T0,2761176,2762146,970
MGG_01752,MGG_01752T0,4702819,4705138,2319
MGG_06219,MGG_06219T0,2986585,2988033,1448
MGG_04011,MGG_04011T0,2238167,2243353,5186
MGG_00364,MGG_00364T0,3117595,3119445,1850
MGG_08813,MGG_08813T0,44485,47396,2911
MGG_03960,MGG_03960T0,2421842,2426539,4697
MGG_02530,MGG_02530T0,2491423,2494057,2634
MGG_07933,MGG_07933T0,6287551,6290353,2802
MGG_09544,MGG_09544T0,3323397,3324629,1232
MGG_15173,MGG_15173T0,6561262,6563591,2329
MGG_02285,MGG_02285T0,1263621,1264016,395
MGG_04627,MGG_04627T0,7057607,7061230,3623
MGG_00959,MGG_00959T0,999080,1000138,1058
MGG_08516,MGG_08516T0,488922,490204,1282
MGG_16617,MGG_16617T0,480257,481418,1161
MGG_08391,MGG_08391T0,7600595,7601743,1148
MGG_01035,MGG_01035T0,728617,730981,2364
MGG_02370,MGG_02370T0,1574518,1576373,1855
MGG_00704,MGG_00704T0,1921094,1925619,4525
MGG_17446,MGG_17446T0,2682627,2682886,259
MGG_00444,MGG_00444T0,2880071,2881523,1452
MGG_07751,MGG_07751T0,5625081,5629052,3971
MGG_09699,MGG_09699T0,5460604,5464403,3799
MGG_03159,MGG_03159T0,2849421,2852156,2735
MGG_00978,MGG_00978T0,944222,946166,1944
MGG_08630,MGG_08630T0,7615888,7620386,4498
MGG_17240,MGG_17240T0,4834688,4835083,395
MGG_10877,MGG_10877T0,759253,760394,1141
MGG_07597,MGG_07597T0,1153967,1156181,2214
MGG_16094,MGG_16094T0,1355675,1358159,2484
MGG_07365,MGG_07365T0,7399145,7400475,1330
MGG_03229,MGG_03229T0,2619733,2622838,3105
MGG_10638,MGG_10638T0,6588078,6590882,2804
MGG_14828,MGG_14828T0,4926019,4926793,774
MGG_06057,MGG_06057T0,2414218,2417679,3461
MGG_05829,MGG_05829T0,1630340,1632699,2359
MGG_03037,MGG_03037T0,560540,562356,1816
MGG_18130,MGG_18130T0,443841,444704,863
MGG_17674,MGG_17674T0,1686597,1687231,634
MGG_16056,MGG_16056T0,916353,917144,791
MGG_17959,MGG_17959T0,1468790,1471792,3002
MGG_05138,MGG_05138T0,4725325,4726408,1083
MGG_14747,MGG_14747T0,1441149,1443187,2038
MGG_06561,MGG_06561T0,3290344,3292433,2089
MGG_08662,MGG_08662T0,7716591,7717961,1370
MGG_14288,MGG_14288T0,742201,742875,674
MGG_05115,MGG_05115T0,4649509,4652039,2530
MGG_03079,MGG_03079T0,370941,371754,813
MGG_04562,MGG_04562T0,7193940,7196187,2247
MGG_15853,MGG_15853T0,6337885,6340178,2293
MGG_08416,MGG_08416T0,7508386,7510089,1703
MGG_01465,MGG_01465T0,3639776,3641485,1709
MGG_00883,MGG_00883T0,1268015,1274292,6277
MGG_06006,MGG_06006T0,2259265,2261517,2252
MGG_10350,MGG_10350T0,31351,32513,1162
MGG_16826,MGG_16826T0,3941747,3944259,2512
MGG_16596,MGG_16596T0,236966,240252,3286
MGG_02519,MGG_02519T0,2183039,2186765,3726
MGG_01829,MGG_01829T0,5008280,5010224,1944
MGG_06597,MGG_06597T0,3142794,3145258,2464
MGG_04123,MGG_04123T0,1873728,1877156,3428
MGG_10666,MGG_10666T0,4590279,4592274,1995
MGG_15529,MGG_15529T0,610163,610435,272
MGG_17433,MGG_17433T0,2578016,2578272,256
MGG_07626,MGG_07626T0,1250754,1253159,2405
MGG_16438,MGG_16438T0,6018821,6019154,333
MGG_17455,MGG_17455T0,2894925,2896384,1459
MGG_17156,MGG_17156T0,3163641,3164203,562
MGG_00022,MGG_00022T0,4400230,4412433,12203
MGG_17760,MGG_17760T0,3086093,3086440,347
MGG_05589,MGG_05589T0,5748736,5755754,7018
MGG_09012,MGG_09012T0,2708855,2710765,1910
MGG_10235,MGG_10235T0,365775,367445,1670
MGG_04017,MGG_04017T0,2222187,2225464,3277
MGG_00472,MGG_00472T0,2774272,2776658,2386
MGG_03620,MGG_03620T0,1226680,1229779,3099
MGG_05914,MGG_05914T0,1926588,1927737,1149
MGG_04829,MGG_04829T0,1511010,1512835,1825
MGG_06378,MGG_06378T0,3966671,3967796,1125
MGG_10232,MGG_10232T0,371671,373836,2165
MGG_16144,MGG_16144T0,2251760,2253257,1497
MGG_13187,MGG_13187T0,2852343,2854254,1911
MGG_04345,MGG_04345T0,1087217,1089491,2274
MGG_01873,MGG_01873T0,5175138,5176967,1829
MGG_06846,MGG_06846T0,2967228,2968518,1290
MGG_07070,MGG_07070T0,6256367,6260086,3719
MGG_10088,MGG_10088T0,524892,525518,626
MGG_00597,MGG_00597T0,2351856,2355378,3522
MGG_17746,MGG_17746T0,2954971,2958095,3124
MGG_17571,MGG_17571T0,213831,214128,297
MGG_17779,MGG_17779T0,3289141,3294060,4919
MGG_07255,MGG_07255T0,6963134,6966910,3776
MGG_08299,MGG_08299T0,7954900,7958569,3669
MGG_01402,MGG_01402T0,3409101,3410369,1268
MGG_02205,MGG_02205T0,936483,937782,1299
MGG_03501,MGG_03501T0,1674510,1675945,1435
MGG_03147,MGG_03147T0,2895263,2899062,3799
MGG_07709,MGG_07709T0,5489697,5492035,2338
MGG_15557,MGG_15557T0,1266234,1267077,843
MGG_06364,MGG_06364T0,4001793,4005135,3342
MGG_05751,MGG_05751T0,6392603,6394342,1739
MGG_14641,MGG_14641T0,956486,958373,1887
MGG_01106,MGG_01106T0,492748,497414,4666
MGG_16261,MGG_16261T0,3953921,3954577,656
MGG_15449,MGG_15449T0,187422,188633,1211
MGG_00005,MGG_00005T0,4469273,4470286,1013
MGG_00234,MGG_00234T0,3570990,3572333,1343
MGG_06094,MGG_06094T0,2550610,2554340,3730
MGG_14757,MGG_14757T0,1930085,1938407,8322
MGG_03399,MGG_03399T0,2029262,2030709,1447
MGG_17641,MGG_17641T0,1265158,1265523,365
MGG_04559,MGG_04559T0,7200708,7203825,3117
MGG_00396,MGG_00396T0,3012967,3014357,1390
MGG_02987,MGG_02987T0,749220,751167,1947
MGG_06353,MGG_06353T0,4054379,4056993,2614
MGG_10087,MGG_10087T0,522545,523891,1346
MGG_14908,MGG_14908T0,1698432,1700028,1596
MGG_07961,MGG_07961T0,6394922,6395880,958
MGG_11524,MGG_11524T0,2052657,2052926,269
MGG_12322,MGG_12322T0,6111294,6114729,3435
MGG_04737,MGG_04737T0,6835991,6836832,841
MGG_00469,MGG_00469T0,2785287,2788810,3523
MGG_10544,MGG_10544T0,4805889,4807583,1694
MGG_04889,MGG_04889T0,3851446,3852024,578
MGG_10274,MGG_10274T0,217013,218511,1498
MGG_16025,MGG_16025T0,449320,449924,604
MGG_17259,MGG_17259T0,5140800,5141288,488
MGG_04522,MGG_04522T0,908079,909615,1536
MGG_08535,MGG_08535T0,549720,551007,1287
MGG_08411,MGG_08411T0,7520566,7521159,593
MGG_12509,MGG_12509T0,120967,121535,568
MGG_05758,MGG_05758T0,6419524,6420678,1154
MGG_09726,MGG_09726T0,5379534,5381337,1803
MGG_10591,MGG_10591T0,2785118,2787428,2310
MGG_17913,MGG_17913T0,939819,940648,829
MGG_00443,MGG_00443T0,2881917,2882618,701
MGG_08422,MGG_08422T0,142439,142906,467
MGG_06311,MGG_06311T0,4210881,4212178,1297
MGG_05112,MGG_05112T0,4639411,4641851,2440
MGG_18139,MGG_18139T0,517291,517695,404
MGG_07090,MGG_07090T0,6328792,6331871,3079
MGG_16436,MGG_16436T0,6014139,6014799,660
MGG_16095,MGG_16095T0,1358515,1359999,1484
MGG_11261,MGG_11261T0,2738387,2740755,2368
MGG_09605,MGG_09605T0,3251175,3251723,548
MGG_00610,MGG_00610T0,2293966,2295126,1160
MGG_01956,MGG_01956T0,567631,568964,1333
MGG_07610,MGG_07610T0,1198669,1200352,1683
MGG_06520,MGG_06520T0,3432934,3433628,694
MGG_09782,MGG_09782T0,5196693,5198407,1714
MGG_17434,MGG_17434T0,2580318,2580705,387
MGG_09876,MGG_09876T0,3820847,3822578,1731
MGG_04642,MGG_04642T0,1114177,1115868,1691
MGG_05803,MGG_05803T0,3018150,3021261,3111
MGG_01563,MGG_01563T0,4015507,4019958,4451
MGG_08040,MGG_08040T0,5508861,5509584,723
MGG_16877,MGG_16877T0,4789136,4789608,472
MGG_00698,MGG_00698T0,1943070,1944300,1230
MGG_05237,MGG_05237T0,5093112,5094678,1566
MGG_00074,MGG_00074T0,4212351,4213484,1133
MGG_17716,MGG_17716T0,2350374,2352195,1821
MGG_14664,MGG_14664T0,2094403,2096954,2551
MGG_01217,MGG_01217T0,2703881,2706986,3105
MGG_07317,MGG_07317T0,7221590,7225187,3597
MGG_08014,MGG_08014T0,5419105,5422975,3870
MGG_00244,MGG_00244T0,3540068,3541504,1436
MGG_06741,MGG_06741T0,2575678,2576842,1164
MGG_12092,MGG_12092T0,2652733,2653662,929
MGG_10834,MGG_10834T0,517305,519161,1856
MGG_08760,MGG_08760T0,223378,226085,2707
MGG_17019,MGG_17019T0,325341,326585,1244
MGG_11246,MGG_11246T0,2889949,2892403,2454
MGG_03840,MGG_03840T0,2870891,2872354,1463
MGG_15687,MGG_15687T0,3327300,3328052,752
MGG_01165,MGG_01165T0,2465067,2468189,3122
MGG_09714,MGG_09714T0,5410148,5414176,4028
MGG_16221,MGG_16221T0,3343460,3345650,2190
MGG_12605,MGG_12605T0,1754188,1757186,2998
MGG_05616,MGG_05616T0,5863883,5865868,1985
MGG_16027,MGG_16027T0,464651,466024,1373
MGG_01119,MGG_01119T0,461603,464179,2576
MGG_16833,MGG_16833T0,4038687,4039036,349
MGG_17963,MGG_17963T0,1536459,1537165,706
MGG_10745,MGG_10745T0,80743,83329,2586
MGG_09189,MGG_09189T0,3676677,3678576,1899
MGG_03977,MGG_03977T0,2346545,2349474,2929
MGG_03739,MGG_03739T0,861918,864894,2976
MGG_00907,MGG_00907T0,1177650,1179363,1713
MGG_17769,MGG_17769T0,3210691,3211153,462
MGG_16816,MGG_16816T0,3712313,3712555,242
MGG_07975,MGG_07975T0,6433003,6434135,1132
MGG_12954,MGG_12954T0,4310025,4310797,772
MGG_17401,MGG_17401T0,2154013,2155178,1165
MGG_16127,MGG_16127T0,1929463,1930771,1308
MGG_16987,MGG_16987T0,6563455,6563917,462
MGG_03171,MGG_03171T0,2812317,2814620,2303
MGG_00124,MGG_00124T0,4054083,4058270,4187
MGG_15657,MGG_15657T0,2892749,2893286,537
MGG_00399,MGG_00399T0,3004586,3010486,5900
MGG_07819,MGG_07819T0,5955420,5959093,3673
MGG_14957,MGG_14957T0,1334103,1336587,2484
MGG_05862,MGG_05862T0,1765159,1766316,1157
MGG_07372,MGG_07372T0,354698,355233,535
MGG_03952,MGG_03952T0,2457601,2462016,4415
MGG_15725,MGG_15725T0,3873468,3875734,2266
MGG_09489,MGG_09489T0,3505068,3507711,2643
MGG_03103,MGG_03103T0,302594,305319,2725
MGG_00212,MGG_00212T0,3659790,3661094,1304
MGG_07767,MGG_07767T0,5679162,5680621,1459
MGG_00897,MGG_00897T0,1205843,1206335,492
MGG_14611,MGG_14611T0,308708,309690,982
MGG_07577,MGG_07577T0,1090815,1092787,1972
MGG_05852,MGG_05852T0,1716861,1718115,1254
MGG_07546,MGG_07546T0,979230,981439,2209
MGG_17481,MGG_17481T0,3343739,3344554,815
MGG_11871,MGG_11871T0,2457057,2458606,1549
MGG_00733,MGG_00733T0,1834803,1837023,2220
MGG_17234,MGG_17234T0,4748439,4748828,389
MGG_11338,MGG_11338T0,1687199,1688080,881
MGG_16421,MGG_16421T0,5844146,5844960,814
MGG_10831,MGG_10831T0,525450,527990,2540
MGG_07076,MGG_07076T0,6280521,6282411,1890
MGG_08711,MGG_08711T0,370008,372370,2362
MGG_17474,MGG_17474T0,3231481,3232256,775
MGG_01061,MGG_01061T0,645096,646601,1505
MGG_00877,MGG_00877T0,1290063,1295496,5433
MGG_03064,MGG_03064T0,418068,423584,5516
MGG_09028,MGG_09028T0,2648070,2650036,1966
MGG_09260,MGG_09260T0,3966466,3967636,1170
MGG_09717,MGG_09717T0,5400690,5404665,3975
MGG_05218,MGG_05218T0,5002402,5007407,5005
MGG_07307,MGG_07307T0,7183086,7184668,1582
MGG_02290,MGG_02290T0,1276287,1277758,1471
MGG_05952,MGG_05952T0,2095312,2096847,1535
MGG_07234,MGG_07234T0,6903095,6904677,1582
MGG_10482,MGG_10482T0,385952,388494,2542
MGG_04949,MGG_04949T0,4045962,4047984,2022
MGG_06485,MGG_06485T0,3564444,3566181,1737
MGG_14815,MGG_14815T0,5524154,5525246,1092
MGG_01478,MGG_01478T0,3717428,3719156,1728
MGG_06526,MGG_06526T0,3405724,3406823,1099
MGG_16740,MGG_16740T0,2300872,2301386,514
MGG_10704,MGG_10704T0,3768980,3770092,1112
MGG_04349,MGG_04349T0,1076689,1078251,1562
MGG_02041,MGG_02041T0,344797,345981,1184
MGG_07648,MGG_07648T0,1322030,1322326,296
MGG_06309,MGG_06309T0,4213040,4215267,2227
MGG_09021,MGG_09021T0,2681955,2683044,1089
MGG_15784,MGG_15784T0,5136888,5137679,791
MGG_02814,MGG_02814T0,1410111,1411679,1568
MGG_10480,MGG_10480T0,375440,379356,3916
MGG_17229,MGG_17229T0,4677450,4679024,1574
MGG_00410,MGG_00410T0,2978152,2978633,481
MGG_07174,MGG_07174T0,6637543,6642381,4838
MGG_16401,MGG_16401T0,5597660,5598123,463
MGG_07120,MGG_07120T0,6432567,6436281,3714
MGG_09460,MGG_09460T0,3605863,3606870,1007
MGG_17985,MGG_17985T0,1792388,1792663,275
MGG_15583,MGG_15583T0,1595136,1597347,2211
MGG_09418,MGG_09418T0,3347698,3349415,1717
MGG_00447,MGG_00447T0,2867446,2873079,5633
MGG_05030,MGG_05030T0,4354105,4357457,3352
MGG_11962,MGG_11962T0,1336118,1338286,2168
MGG_11818,MGG_11818T0,2923561,2925152,1591
MGG_02539,MGG_02539T0,2440802,2442509,1707
MGG_13669,MGG_13669T0,145031,147733,2702
MGG_08543,MGG_08543T0,583447,584667,1220
MGG_05082,MGG_05082T0,4543603,4548619,5016
MGG_03078,MGG_03078T0,372047,373105,1058
MGG_02752,MGG_02752T0,1662236,1663024,788
MGG_04342,MGG_04342T0,1096731,1103858,7127
MGG_06466,MGG_06466T0,3630432,3632086,1654
MGG_07333,MGG_07333T0,7289661,7292430,2769
MGG_07866,MGG_07866T0,6101078,6102162,1084
MGG_10550,MGG_10550T0,4819048,4820493,1445
MGG_16914,MGG_16914T0,5598237,5600073,1836
MGG_00647,MGG_00647T0,2141488,2143509,2021
MGG_16198,MGG_16198T0,3073738,3078101,4363
MGG_06149,MGG_06149T0,2744384,2745890,1506
MGG_17491,MGG_17491T0,3520576,3522356,1780
MGG_07849,MGG_07849T0,6019332,6020375,1043
MGG_05056,MGG_05056T0,4446293,4447399,1106
MGG_06789,MGG_06789T0,2749657,2753612,3955
MGG_06712,MGG_06712T0,2487327,2490625,3298
MGG_03304,MGG_03304T0,2333990,2335968,1978
MGG_11382,MGG_11382T0,1054598,1057756,3158
MGG_08350,MGG_08350T0,7742085,7742712,627
MGG_16685,MGG_16685T0,1473993,1474455,462
MGG_18106,MGG_18106T0,66871,67376,505
MGG_08874,MGG_08874T0,1946421,1948520,2099
MGG_11657,MGG_11657T0,3970892,3973394,2502
MGG_07115,MGG_07115T0,6407113,6408791,1678
MGG_12957,MGG_12957T0,4241263,4243265,2002
MGG_11346,MGG_11346T0,1567583,1573854,6271
MGG_08354,MGG_08354T0,7731535,7732442,907
MGG_13017,MGG_13017T0,4867367,4868914,1547
MGG_10942,MGG_10942T0,6577998,6580657,2659
MGG_01247,MGG_01247T0,2832931,2834678,1747
MGG_01112,MGG_01112T0,482251,483234,983
MGG_17080,MGG_17080T0,1588551,1589183,632
MGG_14671,MGG_14671T0,2326865,2328271,1406
MGG_15979,MGG_15979T0,8265358,8266094,736
MGG_15547,MGG_15547T0,1010072,1011691,1619
MGG_04034,MGG_04034T0,2168436,2170853,2417
MGG_17705,MGG_17705T0,2164909,2165427,518
MGG_09852,MGG_09852T0,3879910,3882143,2233
MGG_06845,MGG_06845T0,2966455,2967004,549
MGG_02831,MGG_02831T0,1357028,1359932,2904
MGG_03082,MGG_03082T0,361967,365060,3093
MGG_06390,MGG_06390T0,3912198,3915833,3635
MGG_00571,MGG_00571T0,2447829,2450855,3026
MGG_05350,MGG_05350T0,4901851,4906221,4370
MGG_02469,MGG_02469T0,1977588,1978908,1320
MGG_11084,MGG_11084T0,543539,546279,2740
MGG_00705,MGG_00705T0,1920015,1920719,704
MGG_02564,MGG_02564T0,2369751,2370659,908
MGG_15903,MGG_15903T0,7227111,7228168,1057
MGG_03551,MGG_03551T0,1488877,1492005,3128
MGG_00473,MGG_00473T0,2772570,2773867,1297
MGG_09742,MGG_09742T0,5336353,5337782,1429
MGG_12371,MGG_12371T0,6676473,6679702,3229
MGG_01534,MGG_01534T0,3924051,3927512,3461
MGG_10577,MGG_10577T0,2838075,2841388,3313
MGG_00086,MGG_00086T0,4171908,4173424,1516
MGG_05234,MGG_05234T0,5086718,5088291,1573
MGG_08883,MGG_08883T0,1977208,1980171,2963
MGG_14578,MGG_14578T0,1804644,1806815,2171
MGG_03580,MGG_03580T0,1394192,1396639,2447
MGG_02275,MGG_02275T0,1230293,1232144,1851
MGG_15176,MGG_15176T0,5538177,5539668,1491
MGG_01391,MGG_01391T0,3369083,3371648,2565
MGG_04244,MGG_04244T0,1433838,1435760,1922
MGG_17335,MGG_17335T0,1030070,1031079,1009
MGG_01236,MGG_01236T0,2789925,2792654,2729
MGG_17130,MGG_17130T0,2685487,2685956,469
MGG_11170,MGG_11170T0,4410509,4411950,1441
MGG_10282,MGG_10282T0,253382,253759,377
MGG_04714,MGG_04714T0,6879084,6883798,4714
MGG_00750,MGG_00750T0,1770020,1773084,3064
MGG_12468,MGG_12468T0,7875878,7878494,2616
MGG_00204,MGG_00204T0,3705327,3708317,2990
MGG_16023,MGG_16023T0,418622,418859,237
MGG_04032,MGG_04032T0,2172187,2173140,953
MGG_08175,MGG_08175T0,5949534,5951366,1832
MGG_02515,MGG_02515T0,2170387,2172148,1761
MGG_06939,MGG_06939T0,3319710,3322253,2543
MGG_16525,MGG_16525T0,7430223,7430671,448
MGG_07536,MGG_07536T0,951350,953825,2475
MGG_05269,MGG_05269T0,5225064,5226952,1888
MGG_02821,MGG_02821T0,1394927,1397175,2248
MGG_07144,MGG_07144T0,6530571,6530854,283
MGG_16942,MGG_16942T0,5921193,5921498,305
MGG_07158,MGG_07158T0,6584839,6587318,2479
MGG_07497,MGG_07497T0,833301,835072,1771
MGG_10034,MGG_10034T0,4861859,4862272,413
MGG_17468,MGG_17468T0,3105101,3106159,1058
MGG_05155,MGG_05155T0,4781458,4783682,2224
MGG_04461,MGG_04461T0,864658,864966,308
MGG_18025,MGG_18025T0,2336029,2336966,937
MGG_12761,MGG_12761T0,2763266,2771591,8325
MGG_07507,MGG_07507T0,867885,869527,1642
MGG_17615,MGG_17615T0,917140,918743,1603
MGG_06093,MGG_06093T0,2549047,2550463,1416
MGG_05053,MGG_05053T0,4434306,4436522,2216
MGG_01762,MGG_01762T0,4749855,4751320,1465
MGG_09879,MGG_09879T0,3805293,3806393,1100
MGG_05099,MGG_05099T0,4603062,4607195,4133
MGG_06297,MGG_06297T0,4255567,4259068,3501
MGG_06493,MGG_06493T0,3541782,3542945,1163
MGG_17898,MGG_17898T0,740355,741055,700
MGG_17027,MGG_17027T0,468837,469209,372
MGG_16271,MGG_16271T0,4083868,4084557,689
MGG_14755,MGG_14755T0,1875576,1877976,2400
MGG_06448,MGG_06448T0,3699163,3701828,2665
MGG_03734,MGG_03734T0,883517,884749,1232
MGG_02344,MGG_02344T0,1475855,1476292,437
MGG_07320,MGG_07320T0,7247124,7249114,1990
MGG_14683,MGG_14683T0,2903515,2907112,3597
MGG_04088,MGG_04088T0,2010402,2011501,1099
MGG_02864,MGG_02864T0,1240073,1241033,960
MGG_07207,MGG_07207T0,6773387,6775129,1742
MGG_10754,MGG_10754T0,70543,71895,1352
MGG_06661,MGG_06661T0,2312247,2314878,2631
MGG_07997,MGG_07997T0,5364840,5367297,2457
MGG_16609,MGG_16609T0,431738,432421,683
MGG_09390,MGG_09390T0,3441131,3443297,2166
MGG_10280,MGG_10280T0,270306,270638,332
MGG_06000,MGG_06000T0,2246235,2247497,1262
MGG_06834,MGG_06834T0,2927947,2929611,1664
MGG_10921,MGG_10921T0,7877290,7878413,1123
MGG_07265,MGG_07265T0,7018194,7019978,1784
MGG_01490,MGG_01490T0,3762011,3763922,1911
MGG_16709,MGG_16709T0,1781013,1783805,2792
MGG_14350,MGG_14350T0,264235,268172,3937
MGG_16946,MGG_16946T0,5982855,5983352,497
MGG_09874,MGG_09874T0,3827764,3828766,1002
MGG_17258,MGG_17258T0,5139004,5140440,1436
MGG_16433,MGG_16433T0,5976387,5976915,528
MGG_15666,MGG_15666T0,3050258,3050777,519
MGG_07000,MGG_07000T0,3532659,3536259,3600
MGG_03169,MGG_03169T0,2818406,2821620,3214
MGG_01173,MGG_01173T0,2513324,2513792,468
MGG_00392,MGG_00392T0,3024277,3026564,2287
MGG_15388,MGG_15388T0,3135396,3137058,1662
MGG_14244,MGG_14244T0,190703,192107,1404
MGG_10892,MGG_10892T0,6619289,6619660,371
MGG_02104,MGG_02104T0,574937,576784,1847
MGG_15647,MGG_15647T0,2736358,2736923,565
MGG_15090,MGG_15090T0,7325815,7329056,3241
MGG_05812,MGG_05812T0,3057861,3059831,1970
MGG_17376,MGG_17376T0,1728901,1729152,251
MGG_02731,MGG_02731T0,1715128,1717881,2753
MGG_01223,MGG_01223T0,2727467,2728657,1190
MGG_11560,MGG_11560T0,2552229,2555616,3387
MGG_09378,MGG_09378T0,3477636,3477971,335
MGG_01934,MGG_01934T0,616161,617026,865
MGG_15397,MGG_15397T0,3382341,3383953,1612
MGG_01214,MGG_01214T0,2686862,2687849,987
MGG_17983,MGG_17983T0,1739929,1742064,2135
MGG_05785,MGG_05785T0,3187329,3189736,2407
MGG_05416,MGG_05416T0,5144586,5145183,597
MGG_18040,MGG_18040T0,2525372,2527970,2598
MGG_01771,MGG_01771T0,4770989,4772850,1861
MGG_10848,MGG_10848T0,6534200,6536646,2446
MGG_07908,MGG_07908T0,6217661,6218931,1270
MGG_17524,MGG_17524T0,4012446,4013326,880
MGG_08439,MGG_08439T0,215777,217041,1264
MGG_04887,MGG_04887T0,3842278,3844407,2129
MGG_16497,MGG_16497T0,6796735,6798364,1629
MGG_15274,MGG_15274T0,1882025,1884481,2456
MGG_15257,MGG_15257T0,6131392,6132327,935
MGG_04954,MGG_04954T0,4057206,4059796,2590
MGG_18088,MGG_18088T0,3202087,3202478,391
MGG_16970,MGG_16970T0,6295803,6297219,1416
MGG_06268,MGG_06268T0,4345787,4350544,4757
MGG_13224,MGG_13224T0,2455803,2458018,2215
MGG_03254,MGG_03254T0,2522187,2526707,4520
MGG_06714,MGG_06714T0,2494025,2495579,1554
MGG_10561,MGG_10561T0,2901525,2903116,1591
MGG_16461,MGG_16461T0,6362598,6365043,2445
MGG_04963,MGG_04963T0,4084434,4084601,167
MGG_10061,MGG_10061T0,4767908,4772100,4192
MGG_08316,MGG_08316T0,7895450,7896237,787
MGG_04827,MGG_04827T0,1505518,1507814,2296
MGG_06601,MGG_06601T0,3131482,3131790,308
MGG_16898,MGG_16898T0,5139837,5140182,345
MGG_00385,MGG_00385T0,3045521,3049264,3743
MGG_07704,MGG_07704T0,5469518,5471429,1911
MGG_02459,MGG_02459T0,1953626,1955808,2182
MGG_09851,MGG_09851T0,3884060,3885199,1139
MGG_01206,MGG_01206T0,2651666,2654508,2842
MGG_18047,MGG_18047T0,2715409,2715762,353
MGG_00504,MGG_00504T0,2664114,2667828,3714
MGG_04113,MGG_04113T0,1921996,1923418,1422
MGG_08749,MGG_08749T0,264341,266327,1986
MGG_16768,MGG_16768T0,2765492,2765844,352
MGG_08651,MGG_08651T0,7679910,7684890,4980
MGG_04861,MGG_04861T0,3755859,3756955,1096
MGG_00154,MGG_00154T0,3926271,3927179,908
MGG_07890,MGG_07890T0,6164308,6166545,2237
MGG_02116,MGG_02116T0,600520,603973,3453
MGG_01488,MGG_01488T0,3755914,3756861,947
MGG_17477,MGG_17477T0,3268331,3269851,1520
MGG_06957,MGG_06957T0,3370506,3371848,1342
MGG_00187,MGG_00187T0,3801393,3802752,1359
MGG_09095,MGG_09095T0,140917,142012,1095
MGG_08430,MGG_08430T0,175839,176804,965
MGG_08461,MGG_08461T0,294227,295522,1295
MGG_10555,MGG_10555T0,2918092,2919174,1082
MGG_06193,MGG_06193T0,2882685,2885276,2591
MGG_11039,MGG_11039T0,5439426,5443329,3903
MGG_03876,MGG_03876T0,2734779,2738048,3269
MGG_05581,MGG_05581T0,5710926,5711618,692
MGG_06334,MGG_06334T0,4120421,4124157,3736
MGG_16805,MGG_16805T0,3560428,3562281,1853
MGG_01827,MGG_01827T0,5002538,5005345,2807
MGG_04947,MGG_04947T0,4042295,4044300,2005
MGG_00374,MGG_00374T0,3082640,3084106,1466
MGG_06443,MGG_06443T0,3716891,3717844,953
MGG_09868,MGG_09868T0,3841078,3843124,2046
MGG_01657,MGG_01657T0,4360874,4364652,3778
MGG_16142,MGG_16142T0,2233596,2234043,447
MGG_15498,MGG_15498T0,112284,112787,503
MGG_10214,MGG_10214T0,402960,404020,1060
MGG_13641,MGG_13641T0,5191323,5194936,3613
MGG_16024,MGG_16024T0,446158,446873,715
MGG_12547,MGG_12547T0,744314,745326,1012
MGG_04338,MGG_04338T0,1124419,1127294,2875
MGG_07567,MGG_07567T0,1053566,1058904,5338
MGG_13622,MGG_13622T0,5033571,5036056,2485
MGG_00500,MGG_00500T0,2687445,2691938,4493
MGG_07627,MGG_07627T0,1253378,1255099,1721
MGG_04151,MGG_04151T0,1791299,1792450,1151
MGG_06882,MGG_06882T0,3108800,3111771,2971
MGG_04735,MGG_04735T0,6840432,6840875,443
MGG_06537,MGG_06537T0,3355502,3366026,10524
MGG_04699,MGG_04699T0,1273360,1277418,4058
MGG_16359,MGG_16359T0,5181736,5182961,1225
MGG_13430,MGG_13430T0,1176533,1177277,744
MGG_06368,MGG_06368T0,3992437,3997150,4713
MGG_03215,MGG_03215T0,2663967,2665813,1846
MGG_07143,MGG_07143T0,6528599,6530219,1620
MGG_07329,MGG_07329T0,7277557,7279476,1919
MGG_05328,MGG_05328T0,5420678,5423066,2388
MGG_00288,MGG_00288T0,3409291,3412488,3197
MGG_06540,MGG_06540T0,3349657,3350886,1229
MGG_04410,MGG_04410T0,736398,740012,3614
MGG_01890,MGG_01890T0,5235752,5237462,1710
MGG_07623,MGG_07623T0,1245748,1246209,461
MGG_16900,MGG_16900T0,5274508,5277564,3056
MGG_05011,MGG_05011T0,4297972,4299790,1818
MGG_03081,MGG_03081T0,366275,367822,1547
MGG_15389,MGG_15389T0,3137822,3138289,467
MGG_17738,MGG_17738T0,2767840,2768242,402
MGG_16019,MGG_16019T0,403751,404557,806
MGG_01682,MGG_01682T0,4448246,4450901,2655
MGG_10311,MGG_10311T0,164676,166158,1482
MGG_17974,MGG_17974T0,1645770,1646346,576
MGG_01559,MGG_01559T0,4007060,4009463,2403
MGG_15560,MGG_15560T0,1272272,1272863,591
MGG_00109,MGG_00109T0,4109352,4112466,3114
MGG_15361,MGG_15361T0,532942,533732,790
MGG_11439,MGG_11439T0,557038,557679,641
MGG_10859,MGG_10859T0,6493188,6502672,9484
MGG_07585,MGG_07585T0,1119598,1121282,1684
MGG_05908,MGG_05908T0,1911911,1913679,1768
MGG_09061,MGG_09061T0,2529580,2532204,2624
MGG_01375,MGG_01375T0,3302989,3304029,1040
MGG_10562,MGG_10562T0,2872945,2876520,3575
MGG_01847,MGG_01847T0,5080299,5081819,1520
MGG_08580,MGG_08580T0,749321,752240,2919
MGG_03882,MGG_03882T0,2718618,2721288,2670
MGG_00021,MGG_00021T0,4412695,4414108,1413
MGG_14063,MGG_14063T0,3301208,3301719,511
MGG_01599,MGG_01599T0,4148304,4149165,861
MGG_14726,MGG_14726T0,4483392,4485833,2441
MGG_07099,MGG_07099T0,6359964,6362955,2991
MGG_06237,MGG_06237T0,4446965,4448794,1829
MGG_05048,MGG_05048T0,4416121,4419404,3283
MGG_03123,MGG_03123T0,2991617,2995362,3745
MGG_08922,MGG_08922T0,2131122,2133781,2659
MGG_01176,MGG_01176T0,2521713,2523364,1651
MGG_07480,MGG_07480T0,783196,784713,1517
MGG_09614,MGG_09614T0,3217268,3218431,1163
MGG_08209,MGG_08209T0,6086032,6087835,1803
MGG_12408,MGG_12408T0,7329778,7331247,1469
MGG_09780,MGG_09780T0,5201790,5204617,2827
MGG_10272,MGG_10272T0,222290,223257,967
MGG_01601,MGG_01601T0,4151494,4155210,3716
MGG_05271,MGG_05271T0,5230653,5232421,1768
MGG_10575,MGG_10575T0,2842359,2844017,1658
MGG_16226,MGG_16226T0,3411576,3413075,1499
MGG_07538,MGG_07538T0,955291,956225,934
MGG_07527,MGG_07527T0,928062,928979,917
MGG_11652,MGG_11652T0,3890507,3891763,1256
MGG_06383,MGG_06383T0,3936342,3937514,1172
MGG_16579,MGG_16579T0,7969269,7973610,4341
MGG_17638,MGG_17638T0,1248630,1248935,305
MGG_12467,MGG_12467T0,7821237,7822613,1376
MGG_03117,MGG_03117T0,3019196,3020542,1346
MGG_09465,MGG_09465T0,3584757,3585728,971
MGG_03892,MGG_03892T0,2687460,2692491,5031
MGG_17623,MGG_17623T0,1000199,1002969,2770
MGG_04183,MGG_04183T0,1679305,1681652,2347
MGG_00556,MGG_00556T0,2490083,2490534,451
MGG_08034,MGG_08034T0,5485082,5485785,703
MGG_17922,MGG_17922T0,988521,989089,568
MGG_16422,MGG_16422T0,5849721,5850652,931
MGG_15247,MGG_15247T0,5590471,5592151,1680
MGG_03781,MGG_03781T0,3080031,3081014,983
MGG_11462,MGG_11462T0,1023040,1024093,1053
MGG_08822,MGG_08822T0,1766556,1768039,1483
MGG_03582,MGG_03582T0,1388434,1391223,2789
MGG_01166,MGG_01166T0,2468441,2471569,3128
MGG_17178,MGG_17178T0,3488513,3490102,1589
MGG_03674,MGG_03674T0,1058314,1059107,793
MGG_15617,MGG_15617T0,2249827,2250637,810
MGG_01607,MGG_01607T0,4173069,4175738,2669
MGG_15517,MGG_15517T0,311634,313486,1852
MGG_10217,MGG_10217T0,393065,393616,551
MGG_04000,MGG_04000T0,2276513,2279054,2541
MGG_13928,MGG_13928T0,6435564,6437734,2170
MGG_02235,MGG_02235T0,1090323,1091471,1148
MGG_00983,MGG_00983T0,928578,930926,2348
MGG_05083,MGG_05083T0,4548455,4549943,1488
MGG_17367,MGG_17367T0,1605161,1605388,227
MGG_08911,MGG_08911T0,2082384,2088156,5772
MGG_02118,MGG_02118T0,613678,614955,1277
MGG_09842,MGG_09842T0,3929132,3929824,692
MGG_16680,MGG_16680T0,1415066,1415491,425
MGG_01583,MGG_01583T0,4092588,4095312,2724
MGG_11796,MGG_11796T0,3234659,3238048,3389
MGG_08799,MGG_08799T0,80422,80844,422
MGG_16585,MGG_16585T0,27973,28511,538
MGG_00435,MGG_00435T0,2901124,2903367,2243
MGG_10653,MGG_10653T0,4543445,4545442,1997
MGG_15416,MGG_15416T0,7779654,7780418,764
MGG_05386,MGG_05386T0,5051346,5052695,1349
MGG_02761,MGG_02761T0,1619607,1621382,1775
MGG_13799,MGG_13799T0,7139279,7139500,221
MGG_01851,MGG_01851T0,5095678,5096768,1090
MGG_05463,MGG_05463T0,5307382,5308938,1556
MGG_07834,MGG_07834T0,5979581,5979943,362
MGG_08789,MGG_08789T0,114769,115881,1112
MGG_17037,MGG_17037T0,630792,631130,338
MGG_06025,MGG_06025T0,2317210,2318856,1646
MGG_03144,MGG_03144T0,2908443,2913273,4830
MGG_07789,MGG_07789T0,5765253,5767583,2330
MGG_10434,MGG_10434T0,1055110,1055849,739
MGG_02328,MGG_02328T0,1421693,1424139,2446
MGG_10614,MGG_10614T0,6534779,6535819,1040
MGG_05002,MGG_05002T0,4258537,4268617,10080
MGG_01325,MGG_01325T0,3102369,3104524,2155
MGG_15513,MGG_15513T0,265476,266260,784
MGG_00706,MGG_00706T0,1917274,1919856,2582
MGG_18081,MGG_18081T0,3170063,3170525,462
MGG_16760,MGG_16760T0,2662448,2664568,2120
MGG_01520,MGG_01520T0,3889162,3891365,2203
MGG_16880,MGG_16880T0,4880128,4881505,1377
MGG_17523,MGG_17523T0,3965787,3966278,491
MGG_08188,MGG_08188T0,6004985,6005308,323
MGG_17552,MGG_17552T0,4456462,4456893,431
MGG_17212,MGG_17212T0,4513969,4515044,1075
MGG_00577,MGG_00577T0,2432149,2434574,2425
MGG_07727,MGG_07727T0,5540936,5542353,1417
MGG_06247,MGG_06247T0,4413059,4415551,2492
MGG_11707,MGG_11707T0,4553453,4555005,1552
MGG_06058,MGG_06058T0,2418169,2421513,3344
MGG_14301,MGG_14301T0,6574412,6574804,392
MGG_16305,MGG_16305T0,4560560,4562163,1603
MGG_12580,MGG_12580T0,1221108,1224685,3577
MGG_11750,MGG_11750T0,3926048,3927707,1659
MGG_05685,MGG_05685T0,6115428,6116904,1476
MGG_04816,MGG_04816T0,1476815,1479480,2665
MGG_14679,MGG_14679T0,2768785,2770847,2062
MGG_07530,MGG_07530T0,931810,934002,2192
MGG_02967,MGG_02967T0,808334,811731,3397
MGG_13110,MGG_13110T0,5608934,5611108,2174
MGG_04282,MGG_04282T0,1297705,1298563,858
MGG_08277,MGG_08277T0,8035390,8036099,709
MGG_01348,MGG_01348T0,3196904,3202440,5536
MGG_16330,MGG_16330T0,4887408,4887921,513
MGG_15795,MGG_15795T0,5313693,5315837,2144
MGG_06296,MGG_06296T0,4259200,4260264,1064
MGG_03298,MGG_03298T0,2349451,2351592,2141
MGG_07621,MGG_07621T0,1243350,1243963,613
MGG_08052,MGG_08052T0,5539176,5541607,2431
MGG_00369,MGG_00369T0,3102905,3104711,1806
MGG_09828,MGG_09828T0,3982497,3985201,2704
MGG_18015,MGG_18015T0,2229846,2232100,2254
MGG_15943,MGG_15943T0,7845787,7846321,534
MGG_05310,MGG_05310T0,5356697,5358850,2153
MGG_01995,MGG_01995T0,170267,172070,1803
MGG_16658,MGG_16658T0,1087005,1087418,413
MGG_07078,MGG_07078T0,6286068,6287812,1744
MGG_06065,MGG_06065T0,2447689,2450960,3271
MGG_15312,MGG_15312T0,6750207,6750563,356
MGG_08378,MGG_08378T0,7637917,7639654,1737
MGG_17740,MGG_17740T0,2791241,2791740,499
MGG_11519,MGG_11519T0,2027159,2029106,1947
MGG_01336,MGG_01336T0,3145430,3147365,1935
MGG_05593,MGG_05593T0,5766500,5767507,1007
MGG_07349,MGG_07349T0,7351810,7352544,734
MGG_11130,MGG_11130T0,4994130,4997370,3240
MGG_02154,MGG_02154T0,747991,748317,326
MGG_09598,MGG_09598T0,3274392,3276196,1804
MGG_05987,MGG_05987T0,2197713,2198324,611
MGG_10764,MGG_10764T0,96588,97601,1013
MGG_01107,MGG_01107T0,491216,492759,1543
MGG_15844,MGG_15844T0,6190208,6190798,590
MGG_15636,MGG_15636T0,2596729,2600883,4154
MGG_00017,MGG_00017T0,4422734,4426205,3471
MGG_10713,MGG_10713T0,3741624,3743045,1421
MGG_06020,MGG_06020T0,2295956,2298354,2398
MGG_04880,MGG_04880T0,3813087,3814418,1331
MGG_01570,MGG_01570T0,4042118,4048241,6123
MGG_16799,MGG_16799T0,3509178,3510448,1270
MGG_08044,MGG_08044T0,5516221,5518057,1836
MGG_16428,MGG_16428T0,5918271,5919396,1125
MGG_00774,MGG_00774T0,1676306,1677565,1259
MGG_09436,MGG_09436T0,3285277,3285975,698
MGG_09534,MGG_09534T0,3349169,3350160,991
MGG_01776,MGG_01776T0,4787456,4791081,3625
MGG_01688,MGG_01688T0,4462873,4465359,2486
MGG_01260,MGG_01260T0,2881838,2884528,2690
MGG_05244,MGG_05244T0,5121409,5129417,8008
MGG_10571,MGG_10571T0,2853347,2855288,1941
MGG_01051,MGG_01051T0,673656,675088,1432
MGG_07121,MGG_07121T0,6436286,6438358,2072
MGG_07535,MGG_07535T0,947071,950563,3492
MGG_12230,MGG_12230T0,929022,929820,798
MGG_16711,MGG_16711T0,1787085,1791158,4073
MGG_16168,MGG_16168T0,2802225,2803591,1366
MGG_16645,MGG_16645T0,781947,782314,367
MGG_08058,MGG_08058T0,5557167,5558180,1013
MGG_01612,MGG_01612T0,4185269,4187627,2358
MGG_10443,MGG_10443T0,261468,263876,2408
MGG_01777,MGG_01777T0,4790943,4795268,4325
MGG_07085,MGG_07085T0,6310972,6311955,983
MGG_09027,MGG_09027T0,2648891,2652668,3777
MGG_17280,MGG_17280T0,5439747,5441477,1730
MGG_17203,MGG_17203T0,4359010,4360269,1259
MGG_01713,MGG_01713T0,4545496,4547318,1822
MGG_06190,MGG_06190T0,2873787,2876312,2525
MGG_02580,MGG_02580T0,2306944,2308693,1749
MGG_12770,MGG_12770T0,2918913,2922048,3135
MGG_13543,MGG_13543T0,1701863,1703215,1352
MGG_08979,MGG_08979T0,2354464,2357710,3246
MGG_18075,MGG_18075T0,3050472,3050972,500
MGG_16281,MGG_16281T0,4206401,4206863,462
MGG_03934,MGG_03934T0,2520645,2522517,1872
MGG_00436,MGG_00436T0,2897297,2899584,2287
MGG_06100,MGG_06100T0,2570137,2575747,5610
MGG_07376,MGG_07376T0,371622,372205,583
MGG_04148,MGG_04148T0,1799837,1801809,1972
MGG_07189,MGG_07189T0,6695002,6696454,1452
MGG_04202,MGG_04202T0,1611012,1611901,889
MGG_04137,MGG_04137T0,1830719,1832956,2237
MGG_00980,MGG_00980T0,938436,939380,944
MGG_15850,MGG_15850T0,6300163,6301606,1443
MGG_06911,MGG_06911T0,3224143,3225936,1793
MGG_01719,MGG_01719T0,4564408,4565914,1506
MGG_17749,MGG_17749T0,2980800,2981181,381
MGG_16875,MGG_16875T0,4736963,4737704,741
MGG_04969,MGG_04969T0,4108947,4111008,2061
MGG_05565,MGG_05565T0,5670334,5671468,1134
MGG_03321,MGG_03321T0,2268193,2269731,1538
MGG_03454,MGG_03454T0,1806901,1808530,1629
MGG_00851,MGG_00851T0,1395864,1399091,3227
MGG_02670,MGG_02670T0,1965476,1970849,5373
MGG_06629,MGG_06629T0,3050649,3052309,1660
MGG_07056,MGG_07056T0,6207533,6208374,841
MGG_01986,MGG_01986T0,147759,149074,1315
MGG_11567,MGG_11567T0,2694332,2696248,1916
MGG_02433,MGG_02433T0,1841516,1842471,955
MGG_09069,MGG_09069T0,37221,39569,2348
MGG_17588,MGG_17588T0,541474,543048,1574
MGG_01062,MGG_01062T0,641522,643203,1681
MGG_05863,MGG_05863T0,1768678,1769901,1223
MGG_16009,MGG_16009T0,319422,319901,479
MGG_06740,MGG_06740T0,2572577,2574912,2335
MGG_15124,MGG_15124T0,4480191,4481861,1670
MGG_15008,MGG_15008T0,1446501,1447871,1370
MGG_04215,MGG_04215T0,1525473,1528980,3507
MGG_00415,MGG_00415T0,2954896,2956286,1390
MGG_09348,MGG_09348T0,3601243,3602341,1098
MGG_10637,MGG_10637T0,6586336,6587915,1579
MGG_17214,MGG_17214T0,4534600,4536815,2215
MGG_10014,MGG_10014T0,4935731,4937466,1735
MGG_07171,MGG_07171T0,6627404,6632514,5110
MGG_14924,MGG_14924T0,2290287,2291438,1151
MGG_00417,MGG_00417T0,2950294,2952800,2506
MGG_06084,MGG_06084T0,2521771,2524850,3079
MGG_10825,MGG_10825T0,539506,540683,1177
MGG_03227,MGG_03227T0,2626786,2627552,766
MGG_09820,MGG_09820T0,4009131,4011795,2664
MGG_05539,MGG_05539T0,5546390,5548039,1649
MGG_01848,MGG_01848T0,5081374,5083275,1901
MGG_12462,MGG_12462T0,7763664,7765346,1682
MGG_01723,MGG_01723T0,4576873,4579154,2281
MGG_07080,MGG_07080T0,6289356,6290879,1523
MGG_08410,MGG_08410T0,7522773,7524574,1801
MGG_15869,MGG_15869T0,6632592,6633186,594
MGG_16641,MGG_16641T0,714809,715093,284
MGG_15620,MGG_15620T0,2266725,2267040,315
MGG_11805,MGG_11805T0,3098741,3100596,1855
MGG_06823,MGG_06823T0,2899037,2901045,2008
MGG_09601,MGG_09601T0,3265194,3267282,2088
MGG_17881,MGG_17881T0,563362,564064,702
MGG_14540,MGG_14540T0,6829976,6831205,1229
MGG_00963,MGG_00963T0,983621,987571,3950
MGG_15256,MGG_15256T0,5998222,5999338,1116
MGG_08857,MGG_08857T0,1893091,1894907,1816
MGG_02832,MGG_02832T0,1354170,1357039,2869
MGG_06070,MGG_06070T0,2474167,2477803,3636
MGG_04459,MGG_04459T0,857504,862212,4708
MGG_02714,MGG_02714T0,1778719,1779990,1271
MGG_16857,MGG_16857T0,4503846,4504577,731
MGG_00441,MGG_00441T0,2886592,2887997,1405
MGG_17735,MGG_17735T0,2757638,2758159,521
MGG_08675,MGG_08675T0,7770203,7770988,785
MGG_04175,MGG_04175T0,1711778,1713588,1810
MGG_08256,MGG_08256T0,8093646,8095074,1428
MGG_10747,MGG_10747T0,78326,79459,1133
MGG_07466,MGG_07466T0,738461,740698,2237
MGG_01918,MGG_01918T0,654040,655694,1654
MGG_15379,MGG_15379T0,245283,245983,700
MGG_09208,MGG_09208T0,3763544,3768323,4779
MGG_09600,MGG_09600T0,3269424,3271481,2057
MGG_16270,MGG_16270T0,4081301,4082201,900
MGG_03218,MGG_03218T0,2655983,2657724,1741
MGG_00715,MGG_00715T0,1897767,1898537,770
MGG_05261,MGG_05261T0,5187992,5190389,2397
MGG_06615,MGG_06615T0,3089425,3091420,1995
MGG_17228,MGG_17228T0,4663654,4664789,1135
MGG_01144,MGG_01144T0,346826,348161,1335
MGG_01154,MGG_01154T0,319874,321576,1702
MGG_05456,MGG_05456T0,5280887,5281926,1039
MGG_05139,MGG_05139T0,4727294,4728816,1522
MGG_00561,MGG_00561T0,2482365,2483585,1220
MGG_04042,MGG_04042T0,2141702,2145418,3716
MGG_06425,MGG_06425T0,3782013,3784817,2804
MGG_04177,MGG_04177T0,1700815,1707527,6712
MGG_01875,MGG_01875T0,5180277,5181985,1708
MGG_05107,MGG_05107T0,4620150,4622429,2279
MGG_03439,MGG_03439T0,1863702,1865100,1398
MGG_15946,MGG_15946T0,7850326,7851666,1340
MGG_10155,MGG_10155T0,1636585,1637193,608
MGG_11223,MGG_11223T0,3269654,3271485,1831
MGG_03906,MGG_03906T0,2632701,2636585,3884
MGG_08084,MGG_08084T0,5628348,5633596,5248
MGG_16218,MGG_16218T0,3335530,3336512,982
MGG_06011,MGG_06011T0,2272351,2273922,1571
MGG_17362,MGG_17362T0,1404207,1404725,518
MGG_09473,MGG_09473T0,3557455,3558425,970
MGG_01950,MGG_01950T0,46680,48726,2046
MGG_06511,MGG_06511T0,3474124,3475910,1786
MGG_01053,MGG_01053T0,669575,670598,1023
MGG_05896,MGG_05896T0,1861211,1861519,308
MGG_08097,MGG_08097T0,5689082,5692490,3408
MGG_00629,MGG_00629T0,2221855,2222261,406
MGG_10613,MGG_10613T0,6532416,6533832,1416
MGG_18007,MGG_18007T0,2098761,2099971,1210
MGG_15895,MGG_15895T0,7086796,7088679,1883
MGG_15390,MGG_15390T0,3295730,3297133,1403
MGG_18014,MGG_18014T0,2207726,2208300,574
MGG_08855,MGG_08855T0,1884391,1889799,5408
MGG_08786,MGG_08786T0,125377,127424,2047
MGG_09235,MGG_09235T0,3865663,3868382,2719
MGG_08457,MGG_08457T0,276770,280464,3694
MGG_14198,MGG_14198T0,256606,258178,1572
MGG_09213,MGG_09213T0,3784465,3787531,3066
MGG_01220,MGG_01220T0,2721672,2724158,2486
MGG_01824,MGG_01824T0,4983083,4987375,4292
MGG_00071,MGG_00071T0,4227026,4228442,1416
MGG_06113,MGG_06113T0,2616015,2617379,1364
MGG_03715,MGG_03715T0,932615,934023,1408
MGG_02820,MGG_02820T0,1398756,1399853,1097
MGG_03263,MGG_03263T0,2484388,2486793,2405
MGG_15220,MGG_15220T0,1532633,1532994,361
MGG_06342,MGG_06342T0,4089273,4093479,4206
MGG_09522,MGG_09522T0,3396218,3400241,4023
MGG_17763,MGG_17763T0,3148155,3148612,457
MGG_12831,MGG_12831T0,3642544,3644492,1948
MGG_02986,MGG_02986T0,750812,756703,5891
MGG_01963,MGG_01963T0,59812,60835,1023
MGG_10020,MGG_10020T0,4922075,4922473,398
MGG_12337,MGG_12337T0,6321383,6322675,1292
MGG_10423,MGG_10423T0,1022314,1024309,1995
MGG_04817,MGG_04817T0,1478936,1481798,2862
MGG_09106,MGG_09106T0,197601,198505,904
MGG_16490,MGG_16490T0,6691401,6692497,1096
MGG_00814,MGG_00814T0,1517811,1519090,1279
MGG_14020,MGG_14020T0,2919693,2920784,1091
MGG_17848,MGG_17848T0,25039,26416,1377
MGG_08169,MGG_08169T0,5932410,5934438,2028
MGG_02284,MGG_02284T0,1258713,1260105,1392
MGG_08528,MGG_08528T0,524862,526621,1759
MGG_15733,MGG_15733T0,4041679,4042053,374
MGG_13241,MGG_13241T0,2144004,2145175,1171
MGG_03036,MGG_03036T0,567312,569097,1785
MGG_06751,MGG_06751T0,2600560,2602184,1624
MGG_03124,MGG_03124T0,2986385,2988412,2027
MGG_07129,MGG_07129T0,6476407,6479950,3543
MGG_16409,MGG_16409T0,5690584,5691867,1283
MGG_07019,MGG_07019T0,3594494,3596946,2452
MGG_04144,MGG_04144T0,1811018,1816332,5314
MGG_05400,MGG_05400T0,5089432,5090552,1120
MGG_08161,MGG_08161T0,5903806,5907211,3405
MGG_08207,MGG_08207T0,6066865,6070238,3373
MGG_14928,MGG_14928T0,3727924,3730099,2175
MGG_13866,MGG_13866T0,5926041,5927652,1611
MGG_17000,MGG_17000T0,32197,34812,2615
MGG_15770,MGG_15770T0,4887967,4888864,897
MGG_10931,MGG_10931T0,161228,162315,1087
MGG_06486,MGG_06486T0,3563383,3564227,844
MGG_14639,MGG_14639T0,879332,880768,1436
MGG_02977,MGG_02977T0,783795,785603,1808
MGG_16953,MGG_16953T0,6099741,6100529,788
MGG_15691,MGG_15691T0,3395334,3396001,667
MGG_17754,MGG_17754T0,3036509,3036733,224
MGG_04505,MGG_04505T0,7281235,7283395,2160
MGG_07518,MGG_07518T0,901071,904793,3722
MGG_00631,MGG_00631T0,2201941,2204934,2993
MGG_07048,MGG_07048T0,6191102,6192612,1510
MGG_03433,MGG_03433T0,1884913,1886854,1941
MGG_01058,MGG_01058T0,649779,652263,2484
MGG_09751,MGG_09751T0,5314909,5316112,1203
MGG_08493,MGG_08493T0,411910,414458,2548
MGG_17255,MGG_17255T0,5062300,5062656,356
MGG_05028,MGG_05028T0,4348236,4349809,1573
MGG_16457,MGG_16457T0,6326255,6329822,3567
MGG_15654,MGG_15654T0,2848311,2850166,1855
MGG_04554,MGG_04554T0,7225570,7227732,2162
MGG_14590,MGG_14590T0,1283518,1285068,1550
MGG_15599,MGG_15599T0,1918150,1920504,2354
MGG_12022,MGG_12022T0,3399888,3401435,1547
MGG_12348,MGG_12348T0,6439108,6440205,1097
MGG_05504,MGG_05504T0,5455352,5455747,395
MGG_06545,MGG_06545T0,3332401,3335528,3127
MGG_07842,MGG_07842T0,6000143,6002064,1921
MGG_16113,MGG_16113T0,1617855,1618220,365
MGG_04872,MGG_04872T0,3787717,3791556,3839
MGG_17987,MGG_17987T0,1801587,1801835,248
MGG_03529,MGG_03529T0,1584826,1587533,2707
MGG_01395,MGG_01395T0,3382060,3383233,1173
MGG_08451,MGG_08451T0,253759,254163,404
MGG_17989,MGG_17989T0,1824811,1825968,1157
MGG_08532,MGG_08532T0,537409,537819,410
MGG_13538,MGG_13538T0,1672704,1674466,1762
MGG_06105,MGG_06105T0,2598394,2599771,1377
MGG_08278,MGG_08278T0,8031215,8033134,1919
MGG_12805,MGG_12805T0,3386150,3389040,2890
MGG_05552,MGG_05552T0,5606881,5607952,1071
MGG_11895,MGG_11895T0,2057038,2061116,4078
MGG_17567,MGG_17567T0,118525,118864,339
MGG_17940,MGG_17940T0,1147920,1148622,702
MGG_17449,MGG_17449T0,2807566,2812214,4648
MGG_15114,MGG_15114T0,3646328,3648668,2340
MGG_08174,MGG_08174T0,5947917,5949404,1487
MGG_09645,MGG_09645T0,3086989,3093813,6824
MGG_13085,MGG_13085T0,5410853,5412004,1151
MGG_10716,MGG_10716T0,3735691,3736852,1161
MGG_07713,MGG_07713T0,5502908,5503918,1010
MGG_15409,MGG_15409T0,201432,202266,834
MGG_04551,MGG_04551T0,7232469,7234045,1576
MGG_04199,MGG_04199T0,1615532,1618661,3129
MGG_16152,MGG_16152T0,2335896,2336291,395
MGG_03587,MGG_03587T0,1368704,1371310,2606
MGG_08198,MGG_08198T0,6028632,6032627,3995
MGG_18004,MGG_18004T0,2061141,2061992,851
MGG_04048,MGG_04048T0,2125562,2127440,1878
MGG_02637,MGG_02637T0,2103524,2104972,1448
MGG_09913,MGG_09913T0,4318168,4320226,2058
MGG_16079,MGG_16079T0,1185560,1185928,368
MGG_01435,MGG_01435T0,3513697,3517101,3404
MGG_16290,MGG_16290T0,4296309,4297265,956
MGG_09628,MGG_09628T0,3151316,3152215,899
MGG_06871,MGG_06871T0,3063895,3066498,2603
MGG_08185,MGG_08185T0,5993483,5996137,2654
MGG_16837,MGG_16837T0,4120091,4120561,470
MGG_10956,MGG_10956T0,276006,277401,1395
MGG_17650,MGG_17650T0,1318327,1318735,408
MGG_00448,MGG_00448T0,2864626,2867104,2478
MGG_01728,MGG_01728T0,4598065,4600027,1962
MGG_18105,MGG_18105T0,55342,55782,440
MGG_01414,MGG_01414T0,3438871,3444305,5434
MGG_11758,MGG_11758T0,3852626,3859572,6946
MGG_09956,MGG_09956T0,4494859,4498568,3709
MGG_14293,MGG_14293T0,3787174,3788841,1667
MGG_12321,MGG_12321T0,6103471,6107785,4314
MGG_16148,MGG_16148T0,2301678,2303097,1419
MGG_02774,MGG_02774T0,1562046,1564626,2580
MGG_07580,MGG_07580T0,1101358,1103360,2002
MGG_08592,MGG_08592T0,796630,798314,1684
MGG_03867,MGG_03867T0,2782556,2783655,1099
MGG_05664,MGG_05664T0,6031318,6036463,5145
MGG_07846,MGG_07846T0,6010958,6012648,1690
MGG_02949,MGG_02949T0,883965,888023,4058
MGG_05133,MGG_05133T0,4706265,4709683,3418
MGG_10939,MGG_10939T0,6590169,6590948,779
MGG_04617,MGG_04617T0,1101517,1107634,6117
MGG_00254,MGG_00254T0,3514529,3516326,1797
MGG_07200,MGG_07200T0,6729953,6734306,4353
MGG_07958,MGG_07958T0,6384659,6386270,1611
MGG_08236,MGG_08236T0,8164957,8172952,7995
MGG_05330,MGG_05330T0,5424781,5425187,406
MGG_15754,MGG_15754T0,4420571,4421676,1105
MGG_15537,MGG_15537T0,731973,736317,4344
MGG_14326,MGG_14326T0,8241515,8242314,799
MGG_01796,MGG_01796T0,4867692,4869084,1392
MGG_09696,MGG_09696T0,5475460,5479862,4402
MGG_16672,MGG_16672T0,1328383,1328972,589
MGG_04633,MGG_04633T0,7037449,7041282,3833
MGG_06696,MGG_06696T0,2421002,2429982,8980
MGG_10478,MGG_10478T0,372057,372584,527
MGG_00635,MGG_00635T0,2173157,2177183,4026
MGG_00491,MGG_00491T0,2730451,2732086,1635
MGG_08128,MGG_08128T0,5785277,5788372,3095
MGG_04467,MGG_04467T0,7401806,7403575,1769
MGG_03197,MGG_03197T0,2731303,2733353,2050
MGG_00630,MGG_00630T0,2206479,2210379,3900
MGG_01725,MGG_01725T0,4582388,4584243,1855
MGG_04738,MGG_04738T0,6834476,6835757,1281
MGG_08492,MGG_08492T0,409822,411868,2046
MGG_18009,MGG_18009T0,2104904,2105578,674
MGG_06847,MGG_06847T0,2969972,2972091,2119
MGG_16140,MGG_16140T0,2128609,2128975,366
MGG_14854,MGG_14854T0,3458626,3459533,907
MGG_14598,MGG_14598T0,732478,735082,2604
MGG_10558,MGG_10558T0,2910605,2913083,2478
MGG_00789,MGG_00789T0,1615485,1617203,1718
MGG_00846,MGG_00846T0,1414272,1416255,1983
MGG_01099,MGG_01099T0,514499,515906,1407
MGG_00119,MGG_00119T0,4071842,4073262,1420
MGG_06901,MGG_06901T0,3190783,3193328,2545
MGG_16938,MGG_16938T0,5904422,5905386,964
MGG_06865,MGG_06865T0,3026501,3027260,759
MGG_14422,MGG_14422T0,7730464,7730688,224
MGG_04983,MGG_04983T0,4152994,4154473,1479
MGG_04594,MGG_04594T0,7131800,7133659,1859
MGG_03646,MGG_03646T0,1142623,1146476,3853
MGG_16223,MGG_16223T0,3351752,3352932,1180
MGG_10244,MGG_10244T0,335501,336147,646
MGG_03025,MGG_03025T0,619997,620896,899
MGG_12275,MGG_12275T0,5637484,5639428,1944
MGG_05158,MGG_05158T0,4789562,4791635,2073
MGG_02941,MGG_02941T0,926562,929692,3130
MGG_15849,MGG_15849T0,6273315,6274118,803
MGG_15948,MGG_15948T0,7874731,7875193,462
MGG_16342,MGG_16342T0,5024680,5025077,397
MGG_16367,MGG_16367T0,5285252,5285619,367
MGG_01892,MGG_01892T0,5238910,5241107,2197
MGG_00721,MGG_00721T0,1884090,1885399,1309
MGG_01002,MGG_01002T0,856926,858329,1403
MGG_04094,MGG_04094T0,1984330,1986093,1763
MGG_06124,MGG_06124T0,2649474,2656007,6533
MGG_06918,MGG_06918T0,3249086,3250709,1623
MGG_03397,MGG_03397T0,2031802,2033485,1683
MGG_13933,MGG_13933T0,91298,92470,1172
MGG_05929,MGG_05929T0,2004026,2006783,2757
MGG_16965,MGG_16965T0,6259644,6261379,1735
MGG_15614,MGG_15614T0,2222944,2223861,917
MGG_15699,MGG_15699T0,3557877,3558414,537
MGG_17502,MGG_17502T0,3632066,3632857,791
MGG_16173,MGG_16173T0,2825167,2825988,821
MGG_00679,MGG_00679T0,2035161,2037287,2126
MGG_07238,MGG_07238T0,6911550,6913738,2188
MGG_12501,MGG_12501T0,62399,63867,1468
MGG_10523,MGG_10523T0,4706322,4709185,2863
MGG_09461,MGG_09461T0,3598459,3601655,3196
MGG_05060,MGG_05060T0,4454782,4458097,3315
MGG_05824,MGG_05824T0,1618276,1620021,1745
MGG_01614,MGG_01614T0,4191082,4193594,2512
MGG_16131,MGG_16131T0,2076296,2078323,2027
MGG_05210,MGG_05210T0,4972730,4974112,1382
MGG_10446,MGG_10446T0,271141,272997,1856
MGG_13509,MGG_13509T0,1273452,1274590,1138
MGG_01636,MGG_01636T0,4284383,4288291,3908
MGG_14995,MGG_14995T0,830718,833717,2999
MGG_00317,MGG_00317T0,3293327,3295045,1718
MGG_03878,MGG_03878T0,2729461,2732829,3368
MGG_09976,MGG_09976T0,5092684,5094865,2181
MGG_17358,MGG_17358T0,1377749,1378347,598
MGG_17764,MGG_17764T0,3165529,3167966,2437
MGG_14279,MGG_14279T0,627170,629155,1985
MGG_07053,MGG_07053T0,6200469,6202535,2066
MGG_09884,MGG_09884T0,4227013,4230206,3193
MGG_16669,MGG_16669T0,1291779,1295111,3332
MGG_15070,MGG_15070T0,6120064,6122456,2392
MGG_14426,MGG_14426T0,7723771,7724748,977
MGG_12601,MGG_12601T0,1674110,1676267,2157
MGG_03810,MGG_03810T0,2965599,2978891,13292
MGG_02780,MGG_02780T0,1528494,1531341,2847
MGG_07026,MGG_07026T0,6135354,6137324,1970
MGG_04856,MGG_04856T0,3741048,3743299,2251
MGG_13530,MGG_13530T0,1502788,1506280,3492
MGG_02663,MGG_02663T0,1993558,1996041,2483
MGG_06315,MGG_06315T0,4193874,4197317,3443
MGG_06980,MGG_06980T0,3451008,3453887,2879
MGG_15442,MGG_15442T0,55657,56630,973
MGG_05892,MGG_05892T0,1850640,1853305,2665
MGG_02029,MGG_02029T0,283527,285411,1884
MGG_09289,MGG_09289T0,4115754,4117438,1684
MGG_05229,MGG_05229T0,5069477,5072770,3293
MGG_09137,MGG_09137T0,65289,66330,1041
MGG_11142,MGG_11142T0,4782205,4783536,1331
MGG_06133,MGG_06133T0,2678268,2679987,1719
MGG_04006,MGG_04006T0,2254206,2258659,4453
MGG_05874,MGG_05874T0,1801042,1803567,2525
MGG_07411,MGG_07411T0,526918,528046,1128
MGG_17583,MGG_17583T0,475132,475334,202
MGG_12767,MGG_12767T0,2880237,2883665,3428
MGG_03603,MGG_03603T0,1300440,1302879,2439
MGG_10200,MGG_10200T0,1748146,1751096,2950
MGG_12742,MGG_12742T0,2507923,2511149,3226
MGG_02773,MGG_02773T0,1566835,1569522,2687
MGG_01826,MGG_01826T0,4992898,4994327,1429
MGG_09941,MGG_09941T0,4421845,4427597,5752
MGG_02327,MGG_02327T0,1419829,1420788,959
MGG_09595,MGG_09595T0,3285287,3286075,788
MGG_02788,MGG_02788T0,1497469,1499854,2385
MGG_00300,MGG_00300T0,3356366,3358337,1971
MGG_01276,MGG_01276T0,2939452,2940453,1001
MGG_00083,MGG_00083T0,4180174,4181083,909
MGG_17975,MGG_17975T0,1652437,1654108,1671
MGG_00530,MGG_00530T0,2586643,2588851,2208
MGG_06955,MGG_06955T0,3365568,3368135,2567
MGG_07681,MGG_07681T0,1500324,1504335,4011
MGG_09841,MGG_09841T0,3931050,3932455,1405
MGG_02882,MGG_02882T0,1155832,1158590,2758
MGG_02462,MGG_02462T0,1960830,1962012,1182
MGG_09494,MGG_09494T0,3493226,3494715,1489
MGG_09552,MGG_09552T0,3301252,3304506,3254
MGG_04365,MGG_04365T0,632753,634726,1973
MGG_08880,MGG_08880T0,1964660,1967235,2575
MGG_17935,MGG_17935T0,1086575,1089192,2617
MGG_03006,MGG_03006T0,676189,677701,1512
MGG_02534,MGG_02534T0,2466789,2468663,1874
MGG_12835,MGG_12835T0,3735822,3737332,1510
MGG_03772,MGG_03772T0,3110786,3113338,2552
MGG_12521,MGG_12521T0,391829,392967,1138
MGG_08906,MGG_08906T0,2062113,2062854,741
MGG_10213,MGG_10213T0,404350,405454,1104
MGG_05989,MGG_05989T0,2202172,2204508,2336
MGG_04787,MGG_04787T0,6698397,6699311,914
MGG_14982,MGG_14982T0,3595,4224,629
MGG_08065,MGG_08065T0,5574449,5576972,2523
MGG_15047,MGG_15047T0,2633199,2635310,2111
MGG_11337,MGG_11337T0,1688186,1689319,1133
MGG_14371,MGG_14371T0,3219002,3219664,662
MGG_14046,MGG_14046T0,3149594,3150028,434
MGG_10324,MGG_10324T0,105675,107336,1661
MGG_05325,MGG_05325T0,5412391,5415754,3363
MGG_09005,MGG_09005T0,2723958,2726610,2652
MGG_17488,MGG_17488T0,3489326,3489644,318
MGG_16887,MGG_16887T0,5024521,5029130,4609
MGG_02345,MGG_02345T0,1479067,1479762,695
MGG_10958,MGG_10958T0,572118,577138,5020
MGG_03794,MGG_03794T0,3034433,3035797,1364
MGG_14009,MGG_14009T0,822533,824671,2138
MGG_00026,MGG_00026T0,4387985,4389597,1612
MGG_08098,MGG_08098T0,5695120,5697215,2095
MGG_10254,MGG_10254T0,297571,298892,1321
MGG_06898,MGG_06898T0,3175802,3178305,2503
MGG_12821,MGG_12821T0,3530192,3534310,4118
MGG_06758,MGG_06758T0,2617671,2619529,1858
MGG_15995,MGG_15995T0,214551,216107,1556
MGG_14640,MGG_14640T0,881221,883048,1827
MGG_07084,MGG_07084T0,6298453,6300004,1551
MGG_17103,MGG_17103T0,2113812,2115300,1488
MGG_07341,MGG_07341T0,7324025,7325184,1159
MGG_17773,MGG_17773T0,3239743,3240693,950
MGG_03088,MGG_03088T0,342259,344893,2634
MGG_00812,MGG_00812T0,1527679,1528812,1133
MGG_08654,MGG_08654T0,7690788,7693468,2680
MGG_04025,MGG_04025T1,2190275,2191924,1649
MGG_04025,MGG_04025T0,2190275,2191924,1649
MGG_07190,MGG_07190T0,6697183,6700659,3476
MGG_15651,MGG_15651T0,2781507,2781881,374
MGG_17094,MGG_17094T0,1860450,1861206,756
MGG_05931,MGG_05931T0,2018191,2020274,2083
MGG_10426,MGG_10426T0,1033257,1037711,4454
MGG_12853,MGG_12853T0,4075495,4077100,1605
MGG_04095,MGG_04095T0,1981494,1983201,1707
MGG_10852,MGG_10852T0,6518114,6520178,2064
MGG_08778,MGG_08778T0,143704,145125,1421
MGG_05951,MGG_05951T0,2091574,2093736,2162
MGG_06183,MGG_06183T0,2854281,2856596,2315
MGG_14823,MGG_14823T0,5249599,5252383,2784
MGG_00986,MGG_00986T0,919644,921377,1733
MGG_14674,MGG_14674T0,2498164,2500073,1909
MGG_03935,MGG_03935T0,2517985,2519495,1510
MGG_07679,MGG_07679T0,1491151,1493013,1862
MGG_17160,MGG_17160T0,3193346,3194112,766
MGG_00915,MGG_00915T0,1153920,1156913,2993
MGG_07290,MGG_07290T0,7121826,7123274,1448
MGG_08144,MGG_08144T0,5843119,5845209,2090
MGG_08102,MGG_08102T0,5703719,5704924,1205
MGG_03756,MGG_03756T0,3166719,3167650,931
MGG_15434,MGG_15434T0,158109,158589,480
MGG_02549,MGG_02549T0,2406395,2407483,1088
MGG_17131,MGG_17131T0,2710378,2710649,271
MGG_07697,MGG_07697T0,1555093,1555822,729
MGG_07630,MGG_07630T0,1268821,1269304,483
MGG_10320,MGG_10320T0,117810,120502,2692
MGG_04445,MGG_04445T0,823701,827075,3374
MGG_17002,MGG_17002T0,39914,41786,1872
MGG_15802,MGG_15802T0,5363631,5363975,344
MGG_10184,MGG_10184T0,1681722,1685933,4211
MGG_17612,MGG_17612T0,883885,884806,921
MGG_10054,MGG_10054T0,4786797,4789421,2624
MGG_11636,MGG_11636T0,3713850,3718799,4949
MGG_11469,MGG_11469T0,1122124,1123273,1149
MGG_09953,MGG_09953T0,4483308,4484964,1656
MGG_13215,MGG_13215T0,2554975,2557109,2134
MGG_15924,MGG_15924T0,7582581,7582990,409
MGG_15838,MGG_15838T0,6100680,6102023,1343
MGG_00164,MGG_00164T0,3892912,3897039,4127
MGG_08779,MGG_08779T0,142350,143348,998
MGG_15955,MGG_15955T0,7951557,7951802,245
MGG_02705,MGG_02705T0,1801918,1806508,4590
MGG_08735,MGG_08735T0,313042,316193,3151
MGG_08768,MGG_08768T0,188974,190406,1432
MGG_03591,MGG_03591T0,1355547,1358117,2570
MGG_06095,MGG_06095T0,2557482,2558871,1389
MGG_09804,MGG_09804T0,4060168,4061358,1190
MGG_04923,MGG_04923T0,3964526,3971081,6555
MGG_17321,MGG_17321T0,555844,556184,340
MGG_16394,MGG_16394T0,5534146,5535842,1696
MGG_08480,MGG_08480T0,372414,373289,875
MGG_08659,MGG_08659T0,7705393,7705917,524
MGG_03287,MGG_03287T0,2388583,2391007,2424
MGG_00695,MGG_00695T0,1949046,1952810,3764
MGG_09499,MGG_09499T0,3475014,3478229,3215
MGG_03593,MGG_03593T0,1350903,1352455,1552
MGG_11491,MGG_11491T0,1571977,1576967,4990
MGG_04352,MGG_04352T0,599520,600768,1248
MGG_06388,MGG_06388T0,3923350,3929041,5691
MGG_13253,MGG_13253T0,2001060,2003522,2462
MGG_10955,MGG_10955T0,270204,275688,5484
MGG_05525,MGG_05525T0,5508238,5510743,2505
MGG_05578,MGG_05578T0,5702477,5704496,2019
MGG_03686,MGG_03686T0,1020889,1023582,2693
MGG_17132,MGG_17132T0,2715855,2716398,543
MGG_01017,MGG_01017T0,804605,810438,5833
MGG_07775,MGG_07775T0,5729836,5730477,641
MGG_05688,MGG_05688T0,6125744,6127668,1924
MGG_07366,MGG_07366T0,7402320,7404233,1913
MGG_15245,MGG_15245T0,5527939,5529416,1477
MGG_18109,MGG_18109T0,91363,92040,677
MGG_14713,MGG_14713T0,3688150,3691318,3168
MGG_03104,MGG_03104T0,299415,301140,1725
MGG_16114,MGG_16114T0,1648282,1650375,2093
MGG_09236,MGG_09236T0,3868616,3872579,3963
MGG_17742,MGG_17742T0,2872815,2873264,449
MGG_07058,MGG_07058T0,6210462,6212029,1567
MGG_18034,MGG_18034T0,2479147,2480096,949
MGG_12538,MGG_12538T0,648360,653005,4645
MGG_02748,MGG_02748T0,1668866,1673192,4326
MGG_00449,MGG_00449T0,2861321,2864356,3035
MGG_10499,MGG_10499T0,432183,433943,1760
MGG_02488,MGG_02488T0,2053802,2056754,2952
MGG_15259,MGG_15259T0,6134160,6135504,1344
MGG_17723,MGG_17723T0,2515076,2516310,1234
MGG_09372,MGG_09372T0,3505964,3507956,1992
MGG_05484,MGG_05484T0,5373141,5377327,4186
MGG_17265,MGG_17265T0,5218039,5219009,970
MGG_01424,MGG_01424T0,3482832,3485333,2501
MGG_16196,MGG_16196T0,3053612,3056384,2772
MGG_04773,MGG_04773T0,1408331,1411227,2896
MGG_08079,MGG_08079T0,5618526,5619489,963
MGG_01730,MGG_01730T0,4604797,4609348,4551
MGG_07295,MGG_07295T0,7136200,7137777,1577
MGG_18030,MGG_18030T0,2375209,2375899,690
MGG_14269,MGG_14269T0,7670632,7672023,1391
MGG_16445,MGG_16445T0,6173000,6177227,4227
MGG_15988,MGG_15988T0,182602,187123,4521
MGG_03008,MGG_03008T0,667531,671651,4120
MGG_15739,MGG_15739T0,4147117,4148286,1169
MGG_15492,MGG_15492T0,22492,24229,1737
MGG_00018,MGG_00018T0,4420313,4422816,2503
MGG_04257,MGG_04257T0,1397831,1399711,1880
MGG_17731,MGG_17731T0,2700652,2701481,829
MGG_04606,MGG_04606T0,1079123,1083408,4285
MGG_03005,MGG_03005T0,678141,680285,2144
MGG_16416,MGG_16416T0,5775384,5776069,685
MGG_12469,MGG_12469T0,7890708,7891469,761
MGG_09705,MGG_09705T0,5434563,5436064,1501
MGG_00488,MGG_00488T0,2737043,2738550,1507
MGG_00336,MGG_00336T0,3221782,3224097,2315
MGG_17056,MGG_17056T0,1213859,1214762,903
MGG_15398,MGG_15398T0,3393840,3394637,797
MGG_10239,MGG_10239T0,350872,352430,1558
MGG_10257,MGG_10257T0,286796,288425,1629
MGG_01389,MGG_01389T0,3362459,3364987,2528
MGG_08432,MGG_08432T0,180207,180546,339
MGG_03222,MGG_03222T0,2642507,2648505,5998
MGG_02691,MGG_02691T0,1882742,1885450,2708
MGG_13777,MGG_13777T0,6905100,6906033,933
MGG_03518,MGG_03518T0,1614239,1616984,2745
MGG_09171,MGG_09171T0,3610641,3611852,1211
MGG_16117,MGG_16117T0,1713975,1714294,319
MGG_07645,MGG_07645T0,1313489,1314943,1454
MGG_08540,MGG_08540T0,573240,575255,2015
MGG_02204,MGG_02204T0,930775,933056,2281
MGG_01987,MGG_01987T0,149800,152969,3169
MGG_07684,MGG_07684T0,1518149,1519142,993
MGG_08899,MGG_08899T0,2042065,2042883,818
MGG_06136,MGG_06136T0,2686448,2688009,1561
MGG_02546,MGG_02546T0,2413826,2414269,443
MGG_17601,MGG_17601T0,737675,738034,359
MGG_12009,MGG_12009T0,3516888,3520333,3445
MGG_07232,MGG_07232T0,6887993,6890182,2189
MGG_05007,MGG_05007T0,4279249,4281326,2077
MGG_04853,MGG_04853T0,3720567,3723970,3403
MGG_04680,MGG_04680T0,6986594,6988715,2121
MGG_16926,MGG_16926T0,5726407,5727996,1589
MGG_05259,MGG_05259T0,5178006,5181426,3420
MGG_12956,MGG_12956T0,4244854,4250605,5751
MGG_07815,MGG_07815T0,5856829,5857836,1007
MGG_08898,MGG_08898T0,2037215,2041051,3836
MGG_07301,MGG_07301T0,7151089,7152527,1438
MGG_09806,MGG_09806T0,4054509,4056309,1800
MGG_09070,MGG_09070T0,42182,43919,1737
MGG_15611,MGG_15611T0,2190912,2191224,312
MGG_15252,MGG_15252T0,5868431,5868829,398
MGG_14558,MGG_14558T0,3622183,3629563,7380
MGG_07532,MGG_07532T0,937994,941849,3855
MGG_14014,MGG_14014T0,2798558,2802160,3602
MGG_05277,MGG_05277T0,5247071,5249426,2355
MGG_12611,MGG_12611T0,1864314,1866613,2299
MGG_00863,MGG_00863T0,1341398,1344398,3000
MGG_02242,MGG_02242T0,1112637,1115324,2687
MGG_07790,MGG_07790T0,5772192,5773812,1620
MGG_03262,MGG_03262T0,2492247,2495660,3413
MGG_05846,MGG_05846T0,1698358,1699292,934
MGG_17029,MGG_17029T0,512294,512821,527
MGG_03045,MGG_03045T0,515641,517094,1453
MGG_15045,MGG_15045T0,353542,354764,1222
MGG_12096,MGG_12096T0,2598395,2598952,557
MGG_02794,MGG_02794T0,1480259,1482162,1903
MGG_15822,MGG_15822T0,5761103,5762295,1192
MGG_04919,MGG_04919T0,3954973,3956519,1546
MGG_08370,MGG_08370T0,7671025,7673417,2392
MGG_11336,MGG_11336T0,1702074,1703721,1647
MGG_02210,MGG_02210T0,948871,950658,1787
MGG_00084,MGG_00084T0,4177394,4179055,1661
MGG_02437,MGG_02437T0,1846135,1848566,2431
MGG_02351,MGG_02351T0,1499425,1515742,16317
MGG_03516,MGG_03516T0,1621995,1627133,5138
MGG_17378,MGG_17378T0,1731425,1732913,1488
MGG_17281,MGG_17281T0,5443614,5444249,635
MGG_10252,MGG_10252T0,302458,304373,1915
MGG_06068,MGG_06068T0,2465972,2467807,1835
MGG_09311,MGG_09311T0,4184027,4187501,3474
MGG_16879,MGG_16879T0,4866268,4866805,537
MGG_02756,MGG_02756T0,1637524,1638451,927
MGG_05668,MGG_05668T0,6057105,6058074,969
MGG_09810,MGG_09810T0,4042161,4042880,719
MGG_15020,MGG_15020T0,1928536,1930200,1664
MGG_15006,MGG_15006T0,1207904,1209655,1751
MGG_03667,MGG_03667T0,1086798,1089946,3148
MGG_02400,MGG_02400T0,1719465,1721023,1558
MGG_09490,MGG_09490T0,3502138,3503895,1757
MGG_17487,MGG_17487T0,3486528,3487092,564
MGG_11615,MGG_11615T0,3452075,3453235,1160
MGG_03517,MGG_03517T0,1617077,1619850,2773
MGG_01074,MGG_01074T0,596738,602287,5549
MGG_04362,MGG_04362T0,625514,626923,1409
MGG_05732,MGG_05732T0,6319050,6320896,1846
MGG_05503,MGG_05503T0,5453386,5454827,1441
MGG_13200,MGG_13200T0,2714266,2716355,2089
MGG_07035,MGG_07035T0,6162180,6164619,2439
MGG_02818,MGG_02818T0,1402238,1404747,2509
MGG_06654,MGG_06654T0,2299804,2301514,1710
MGG_10287,MGG_10287T0,230183,232101,1918
MGG_17413,MGG_17413T0,2307211,2307967,756
MGG_00559,MGG_00559T0,2486326,2487849,1523
MGG_14601,MGG_14601T0,645380,646693,1313
MGG_06206,MGG_06206T0,2943708,2944420,712
MGG_01115,MGG_01115T0,471037,475919,4882
MGG_02402,MGG_02402T0,1726887,1727219,332
MGG_08949,MGG_08949T0,2251270,2253063,1793
MGG_06216,MGG_06216T0,2971795,2974062,2267
MGG_16831,MGG_16831T0,4014311,4015443,1132
MGG_05026,MGG_05026T0,4344410,4345666,1256
MGG_00138,MGG_00138T0,3987878,3990977,3099
MGG_02445,MGG_02445T0,1901563,1902461,898
MGG_17038,MGG_17038T0,636217,637052,835
MGG_08984,MGG_08984T0,2369983,2373093,3110
MGG_09836,MGG_09836T0,3953415,3954371,956
MGG_17554,MGG_17554T0,4464494,4465195,701
MGG_17830,MGG_17830T0,3833432,3834901,1469
MGG_05217,MGG_05217T0,4999845,5002728,2883
MGG_05450,MGG_05450T0,5255386,5257134,1748
MGG_01671,MGG_01671T0,4402100,4404484,2384
MGG_07154,MGG_07154T0,6568220,6569434,1214
MGG_00379,MGG_00379T0,3065474,3066824,1350
MGG_16910,MGG_16910T0,5525244,5525811,567
MGG_08926,MGG_08926T0,2148374,2149513,1139
MGG_05407,MGG_05407T0,5117429,5117854,425
MGG_07336,MGG_07336T0,7304317,7305668,1351
MGG_10329,MGG_10329T0,82582,85414,2832
MGG_11731,MGG_11731T0,4106833,4109301,2468
MGG_06398,MGG_06398T0,3874572,3877088,2516
MGG_15001,MGG_15001T0,1135747,1136195,448
MGG_04994,MGG_04994T0,4208130,4211722,3592
MGG_09909,MGG_09909T0,4302264,4305066,2802
MGG_03403,MGG_03403T0,2000442,2001419,977
MGG_17059,MGG_17059T0,1234278,1234589,311
MGG_09019,MGG_09019T0,2688826,2689667,841
MGG_14526,MGG_14526T0,2854679,2857956,3277
MGG_09246,MGG_09246T0,3910046,3912858,2812
MGG_15746,MGG_15746T0,4282840,4283050,210
MGG_13908,MGG_13908T0,6222383,6223362,979
MGG_14547,MGG_14547T0,4462998,4465027,2029
MGG_00351,MGG_00351T0,3164378,3167509,3131
MGG_17184,MGG_17184T0,3823630,3823987,357
MGG_15203,MGG_15203T0,623235,625889,2654
MGG_10589,MGG_10589T0,2791968,2793284,1316
MGG_10370,MGG_10370T0,488828,489929,1101
MGG_16126,MGG_16126T0,1798769,1800333,1564
MGG_18089,MGG_18089T0,3233155,3234457,1302
MGG_15201,MGG_15201T0,591110,591457,347
MGG_00888,MGG_00888T0,1236407,1238694,2287
MGG_06181,MGG_06181T0,2846687,2848370,1683
MGG_14778,MGG_14778T0,3337193,3342341,5148
MGG_08017,MGG_08017T0,5429462,5432919,3457
MGG_15508,MGG_15508T0,210585,211710,1125
MGG_12847,MGG_12847T0,4011234,4012561,1327
MGG_02487,MGG_02487T0,2045782,2051724,5942
MGG_11167,MGG_11167T0,4459039,4460943,1904
MGG_08787,MGG_08787T0,122780,123353,573
MGG_18140,MGG_18140T0,526519,527244,725
MGG_16303,MGG_16303T0,4469424,4469799,375
MGG_13276,MGG_13276T0,1913853,1915052,1199
MGG_04526,MGG_04526T0,922513,926326,3813
MGG_02243,MGG_02243T0,1115382,1118215,2833
MGG_14921,MGG_14921T0,2171004,2172172,1168
MGG_02288,MGG_02288T0,1273078,1273979,901
MGG_01799,MGG_01799T0,4874393,4876270,1877
MGG_04610,MGG_04610T0,7095340,7099261,3921
MGG_06734,MGG_06734T0,2545890,2548018,2128
MGG_00857,MGG_00857T0,1360439,1362916,2477
MGG_07512,MGG_07512T0,884582,887146,2564
MGG_02014,MGG_02014T0,236721,238273,1552
MGG_07687,MGG_07687T0,1521660,1523281,1621
MGG_17778,MGG_17778T0,3260491,3260813,322
MGG_14783,MGG_14783T0,3713705,3714509,804
MGG_17014,MGG_17014T0,230520,231249,729
MGG_03290,MGG_03290T0,2375413,2380217,4804
MGG_02355,MGG_02355T0,1532319,1533407,1088
MGG_05580,MGG_05580T0,5706925,5709122,2197
MGG_17394,MGG_17394T0,1974447,1974701,254
MGG_17757,MGG_17757T0,3063934,3064589,655
MGG_03473,MGG_03473T0,1748489,1750356,1867
MGG_07565,MGG_07565T0,1049370,1051393,2023
MGG_04367,MGG_04367T0,647467,649251,1784
MGG_12906,MGG_12906T0,5084489,5086418,1929
MGG_17630,MGG_17630T0,1090609,1091264,655
MGG_10743,MGG_10743T0,87076,90021,2945
MGG_16365,MGG_16365T0,5274042,5274936,894
MGG_03198,MGG_03198T0,2724860,2728421,3561
MGG_17337,MGG_17337T0,1060022,1060348,326
MGG_10798,MGG_10798T0,250320,251070,750
MGG_02387,MGG_02387T0,1639740,1643150,3410
MGG_07987,MGG_07987T0,5339231,5340834,1603
MGG_16590,MGG_16590T0,133678,135446,1768
MGG_15760,MGG_15760T0,4555628,4559474,3846
MGG_07177,MGG_07177T0,6649448,6649960,512
MGG_08598,MGG_08598T0,813868,819908,6040
MGG_02903,MGG_02903T0,1085207,1086278,1071
MGG_06399,MGG_06399T0,3867228,3872036,4808
MGG_15923,MGG_15923T0,7572223,7572804,581
MGG_01662,MGG_01662T0,4378045,4381304,3259
MGG_01420,MGG_01420T0,3468470,3470181,1711
MGG_15718,MGG_15718T0,3826709,3828753,2044
MGG_06959,MGG_06959T0,3377223,3378692,1469
MGG_07503,MGG_07503T0,859051,861106,2055
MGG_08162,MGG_08162T0,5908099,5910137,2038
MGG_13836,MGG_13836T0,5687531,5688295,764
MGG_02495,MGG_02495T0,2078975,2079743,768
MGG_10840,MGG_10840T0,499332,502245,2913
MGG_06505,MGG_06505T0,3491850,3493967,2117
MGG_08311,MGG_08311T0,7914503,7916135,1632
MGG_00150,MGG_00150T0,3939275,3941260,1985
MGG_12003,MGG_12003T0,3544801,3546083,1282
MGG_07979,MGG_07979T0,6441461,6443014,1553
MGG_08351,MGG_08351T0,7737179,7737997,818
MGG_16897,MGG_16897T0,5134662,5135165,503
MGG_07062,MGG_07062T0,6227641,6230333,2692
MGG_16026,MGG_16026T0,458385,459315,930
MGG_09118,MGG_09118T0,243059,246231,3172
MGG_17860,MGG_17860T0,209573,210240,667
MGG_09421,MGG_09421T0,3336604,3337233,629
MGG_13420,MGG_13420T0,1046731,1047150,419
MGG_17599,MGG_17599T0,711497,711959,462
MGG_06785,MGG_06785T0,2740912,2742133,1221
MGG_03265,MGG_03265T0,2476596,2480876,4280
MGG_06406,MGG_06406T0,3845358,3846923,1565
MGG_12978,MGG_12978T0,3704215,3705915,1700
MGG_11761,MGG_11761T0,3833868,3837216,3348
MGG_03846,MGG_03846T0,2839015,2843854,4839
MGG_07334,MGG_07334T0,7293021,7297376,4355
MGG_16822,MGG_16822T0,3880622,3881099,477
MGG_03706,MGG_03706T0,956304,958128,1824
MGG_15307,MGG_15307T0,6940846,6941888,1042
MGG_10149,MGG_10149T0,1613384,1615065,1681
MGG_08607,MGG_08607T0,7559256,7559660,404
MGG_12672,MGG_12672T0,2450497,2453618,3121
MGG_01914,MGG_01914T0,661294,662148,854
MGG_05178,MGG_05178T0,4852902,4854155,1253
MGG_10148,MGG_10148T0,1607579,1612374,4795
MGG_04212,MGG_04212T0,1544836,1547533,2697
MGG_10357,MGG_10357T0,850085,852374,2289
MGG_16502,MGG_16502T0,6848760,6849044,284
MGG_08208,MGG_08208T0,6081052,6086141,5089
MGG_12474,MGG_12474T0,7958997,7961109,2112
MGG_10881,MGG_10881T0,744042,745515,1473
MGG_02862,MGG_02862T0,1246238,1248418,2180
MGG_07282,MGG_07282T0,7088376,7091482,3106
MGG_06279,MGG_06279T0,4310890,4315332,4442
MGG_05755,MGG_05755T0,6407841,6410410,2569
MGG_11535,MGG_11535T0,2212317,2215246,2929
MGG_00346,MGG_00346T0,3175908,3179079,3171
MGG_04204,MGG_04204T0,1597703,1600533,2830
MGG_03464,MGG_03464T0,1775610,1776569,959
MGG_01508,MGG_01508T0,3854219,3856319,2100
MGG_05584,MGG_05584T0,5717275,5719976,2701
MGG_10853,MGG_10853T0,6514413,6517669,3256
MGG_07391,MGG_07391T0,421002,422580,1578
MGG_04997,MGG_04997T0,4236267,4240084,3817
MGG_15457,MGG_15457T0,5548662,5551359,2697
MGG_01439,MGG_01439T0,3530503,3533368,2865
MGG_09700,MGG_09700T0,5458122,5460424,2302
MGG_15280,MGG_15280T0,1414523,1415899,1376
MGG_11819,MGG_11819T0,2923133,2923480,347
MGG_06620,MGG_06620T0,3074236,3075449,1213
MGG_17980,MGG_17980T0,1732429,1732896,467
MGG_17613,MGG_17613T0,890280,891865,1585
MGG_17365,MGG_17365T0,1592372,1595236,2864
MGG_12214,MGG_12214T0,1116078,1124544,8466
MGG_17693,MGG_17693T0,2048795,2050615,1820
MGG_07876,MGG_07876T0,6123472,6124600,1128
MGG_08064,MGG_08064T0,5572691,5573935,1244
MGG_02654,MGG_02654T0,2048132,2050752,2620
MGG_15934,MGG_15934T0,7739295,7739704,409
MGG_03442,MGG_03442T0,1844972,1846739,1767
MGG_17083,MGG_17083T0,1664237,1664873,636
MGG_03014,MGG_03014T0,643640,646126,2486
MGG_06167,MGG_06167T0,2809848,2812133,2285
MGG_00680,MGG_00680T0,2033933,2035331,1398
MGG_08706,MGG_08706T0,399217,400654,1437
MGG_00118,MGG_00118T0,4076768,4081523,4755
MGG_16993,MGG_16993T0,6596141,6600482,4341
MGG_05081,MGG_05081T0,4541965,4543980,2015
MGG_04239,MGG_04239T0,1447822,1449013,1191
MGG_16810,MGG_16810T0,3630885,3631497,612
MGG_06246,MGG_06246T0,4416164,4417717,1553
MGG_00466,MGG_00466T0,2796492,2800723,4231
MGG_06627,MGG_06627T0,3056716,3059117,2401
MGG_15111,MGG_15111T0,3519500,3520823,1323
MGG_02618,MGG_02618T0,2183359,2184312,953
MGG_13562,MGG_13562T0,1929674,1932810,3136
MGG_08912,MGG_08912T0,2088241,2090803,2562
MGG_15929,MGG_15929T0,7640243,7640604,361
MGG_12766,MGG_12766T0,2871983,2876230,4247
MGG_10194,MGG_10194T0,1716072,1717702,1630
MGG_04082,MGG_04082T0,2023493,2025658,2165
MGG_07193,MGG_07193T0,6707596,6709320,1724
MGG_16003,MGG_16003T0,267523,268213,690
MGG_17152,MGG_17152T0,3108066,3108307,241
MGG_00332,MGG_00332T0,3232422,3236625,4203
MGG_06109,MGG_06109T0,2605707,2608252,2545
MGG_10352,MGG_10352T0,27415,28312,897
MGG_16125,MGG_16125T0,1797087,1798852,1765
MGG_02865,MGG_02865T0,1237401,1238875,1474
MGG_09281,MGG_09281T0,4090613,4091288,675
MGG_00056,MGG_00056T0,4273406,4274795,1389
MGG_09978,MGG_09978T0,5086711,5088823,2112
MGG_03692,MGG_03692T0,1006260,1007893,1633
MGG_09072,MGG_09072T0,46676,49420,2744
MGG_06573,MGG_06573T0,3227442,3228352,910
MGG_13916,MGG_13916T0,6285329,6286872,1543
MGG_15625,MGG_15625T0,2392027,2392332,305
MGG_14517,MGG_14517T0,3776787,3780649,3862
MGG_02890,MGG_02890T0,1129565,1132219,2654
MGG_00853,MGG_00853T0,1389455,1391842,2387
MGG_17013,MGG_17013T0,165397,165766,369
MGG_16230,MGG_16230T0,3443336,3445406,2070
MGG_11684,MGG_11684T0,4286626,4288333,1707
MGG_07264,MGG_07264T0,7014321,7016877,2556
MGG_05691,MGG_05691T0,6137026,6137723,697
MGG_04117,MGG_04117T0,1911095,1913824,2729
MGG_10074,MGG_10074T0,4725304,4725753,449
MGG_08246,MGG_08246T0,8127791,8128785,994
MGG_06467,MGG_06467T0,3628877,3630706,1829
MGG_08571,MGG_08571T0,710724,713598,2874
MGG_09574,MGG_09574T0,3224598,3225931,1333
MGG_14733,MGG_14733T0,545663,546646,983
MGG_03568,MGG_03568T0,1440595,1445735,5140
MGG_08495,MGG_08495T0,420962,423193,2231
MGG_01549,MGG_01549T0,3976123,3979492,3369
MGG_00341,MGG_00341T0,3198393,3200667,2274
MGG_02109,MGG_02109T0,585386,585731,345
MGG_05946,MGG_05946T0,2067273,2070839,3566
MGG_11757,MGG_11757T0,3874536,3877810,3274
MGG_01489,MGG_01489T0,3757574,3761543,3969
MGG_08326,MGG_08326T0,7817056,7819208,2152
MGG_14777,MGG_14777T0,3322668,3323213,545
MGG_16166,MGG_16166T0,2682894,2683163,269
MGG_01357,MGG_01357T0,3236973,3239440,2467
MGG_12809,MGG_12809T0,3408223,3411772,3549
MGG_04709,MGG_04709T0,6915643,6921170,5527
MGG_01976,MGG_01976T0,107203,110844,3641
MGG_13165,MGG_13165T0,6301288,6305179,3891
MGG_14897,MGG_14897T0,1449688,1462810,13122
MGG_10199,MGG_10199T0,1742932,1747397,4465
MGG_06666,MGG_06666T0,2322030,2323839,1809
MGG_16464,MGG_16464T0,6402086,6402664,578
MGG_15238,MGG_15238T0,2015698,2018337,2639
MGG_00195,MGG_00195T0,3764076,3767902,3826
MGG_06539,MGG_06539T0,3351864,3352961,1097
MGG_15563,MGG_15563T0,1302002,1305400,3398
MGG_00325,MGG_00325T0,3264048,3265665,1617
MGG_08550,MGG_08550T0,609563,611307,1744
MGG_17897,MGG_17897T0,731751,732832,1081
MGG_14268,MGG_14268T0,7644836,7646263,1427
MGG_06961,MGG_06961T0,3382451,3384157,1706
MGG_16818,MGG_16818T0,3751429,3752609,1180
MGG_15759,MGG_15759T0,4553402,4555639,2237
MGG_14864,MGG_14864T0,3127967,3129073,1106
MGG_02294,MGG_02294T0,1286632,1288591,1959
MGG_04655,MGG_04655T0,1167038,1169440,2402
MGG_04618,MGG_04618T0,1108282,1111228,2946
MGG_14696,MGG_14696T0,3110758,3111099,341
MGG_03480,MGG_03480T0,1734537,1738074,3537
MGG_03326,MGG_03326T0,2248166,2248654,488
MGG_08693,MGG_08693T0,440949,444648,3699
MGG_16532,MGG_16532T0,7496427,7497783,1356
MGG_13517,MGG_13517T0,1342608,1346517,3909
MGG_04427,MGG_04427T0,758827,763429,4602
MGG_06934,MGG_06934T0,3300596,3305786,5190
MGG_03272,MGG_03272T0,2448166,2449316,1150
MGG_15702,MGG_15702T0,3621970,3624158,2188
MGG_15762,MGG_15762T0,4618254,4619053,799
MGG_11374,MGG_11374T0,1177895,1180008,2113
MGG_05871,MGG_05871T0,1794808,1797172,2364
MGG_17905,MGG_17905T0,823125,824103,978
MGG_16392,MGG_16392T0,5512587,5514832,2245
MGG_15499,MGG_15499T0,117193,117393,200
MGG_05897,MGG_05897T0,1863780,1865016,1236
MGG_06563,MGG_06563T0,3278475,3281767,3292
MGG_08120,MGG_08120T0,5762628,5764985,2357
MGG_04884,MGG_04884T0,3820138,3822085,1947
MGG_06896,MGG_06896T0,3156557,3162910,6353
MGG_09738,MGG_09738T0,5344120,5345979,1859
MGG_07225,MGG_07225T0,6865949,6867039,1090
MGG_01092,MGG_01092T0,536014,538011,1997
MGG_17566,MGG_17566T0,100542,101388,846
MGG_01606,MGG_01606T0,4170063,4172775,2712
MGG_07198,MGG_07198T0,6723293,6726948,3655
MGG_05645,MGG_05645T0,5965504,5966781,1277
MGG_10215,MGG_10215T0,399160,401211,2051
MGG_16873,MGG_16873T0,4655900,4656492,592
MGG_03291,MGG_03291T0,2370875,2373774,2899
MGG_16763,MGG_16763T0,2680625,2681076,451
MGG_01712,MGG_01712T0,4541957,4544008,2051
MGG_09802,MGG_09802T0,4065790,4068458,2668
MGG_05065,MGG_05065T0,4469203,4474252,5049
MGG_04216,MGG_04216T0,1525116,1527442,2326
MGG_00663,MGG_00663T0,2094367,2095663,1296
MGG_05439,MGG_05439T0,5218522,5220666,2144
MGG_07347,MGG_07347T0,7346985,7350015,3030
MGG_00398,MGG_00398T0,3007111,3009781,2670
MGG_18111,MGG_18111T0,117526,117908,382
MGG_18108,MGG_18108T0,88888,89618,730
MGG_07126,MGG_07126T0,6469422,6472056,2634
MGG_17230,MGG_17230T0,4711003,4711516,513
MGG_18031,MGG_18031T0,2384769,2385474,705
MGG_05970,MGG_05970T0,2152254,2153451,1197
MGG_03613,MGG_03613T0,1264887,1266683,1796
MGG_03526,MGG_03526T0,1594542,1596479,1937
MGG_07539,MGG_07539T0,957489,962187,4698
MGG_07788,MGG_07788T0,5762932,5764161,1229
MGG_17528,MGG_17528T0,4060586,4064363,3777
MGG_18038,MGG_18038T0,2502076,2502538,462
MGG_12426,MGG_12426T0,7444147,7444922,775
MGG_07549,MGG_07549T0,986710,989101,2391
MGG_05582,MGG_05582T0,5714151,5714951,800
MGG_05263,MGG_05263T0,5207406,5208875,1469
MGG_09710,MGG_09710T0,5420526,5422044,1518
MGG_17713,MGG_17713T0,2322943,2325060,2117
MGG_13429,MGG_13429T0,1165613,1168526,2913
MGG_16640,MGG_16640T0,713240,713709,469
MGG_05084,MGG_05084T0,4552662,4554348,1686
MGG_09575,MGG_09575T0,3222710,3224468,1758
MGG_17621,MGG_17621T0,965851,966358,507
MGG_13179,MGG_13179T0,6440913,6442349,1436
MGG_16724,MGG_16724T0,2129267,2130254,987
MGG_13484,MGG_13484T0,1061533,1062901,1368
MGG_02384,MGG_02384T0,1630184,1632301,2117
MGG_10551,MGG_10551T0,4823773,4824488,715
MGG_10568,MGG_10568T0,2859914,2861676,1762
MGG_07447,MGG_07447T0,674152,677688,3536
MGG_14605,MGG_14605T0,502001,502455,454
MGG_17151,MGG_17151T0,3104767,3105389,622
MGG_03083,MGG_03083T0,359644,361782,2138
MGG_00075,MGG_00075T0,4208270,4210258,1988
MGG_07242,MGG_07242T0,6921904,6925138,3234
MGG_14700,MGG_14700T0,3256122,3256283,161
MGG_08182,MGG_08182T0,5974418,5976674,2256
MGG_15231,MGG_15231T0,2309313,2309675,362
MGG_02943,MGG_02943T0,913431,914564,1133
MGG_16820,MGG_16820T0,3834439,3835090,651
MGG_04466,MGG_04466T0,7403056,7407645,4589
MGG_05100,MGG_05100T0,4605721,4606544,823
MGG_04675,MGG_04675T0,1237086,1242326,5240
MGG_16568,MGG_16568T0,7912875,7913337,462
MGG_02329,MGG_02329T0,1425484,1427874,2390
MGG_16908,MGG_16908T0,5458254,5459332,1078
MGG_06494,MGG_06494T0,3534909,3537582,2673
MGG_17400,MGG_17400T0,2147101,2153269,6168
MGG_07504,MGG_07504T0,861409,862429,1020
MGG_05223,MGG_05223T0,5044077,5046521,2444
MGG_06072,MGG_06072T0,2479830,2481891,2061
MGG_11934,MGG_11934T0,1588147,1589945,1798
MGG_09110,MGG_09110T0,214335,216759,2424
MGG_15650,MGG_15650T0,2774460,2774756,296
MGG_04519,MGG_04519T0,887912,891104,3192
MGG_10598,MGG_10598T0,2746627,2750221,3594
MGG_15043,MGG_15043T0,315369,318388,3019
MGG_04434,MGG_04434T0,797673,799217,1544
MGG_00495,MGG_00495T0,2710686,2712666,1980
MGG_01852,MGG_01852T0,5097187,5100207,3020
MGG_16224,MGG_16224T0,3358079,3358556,477
MGG_17200,MGG_17200T0,4302894,4304434,1540
MGG_16361,MGG_16361T0,5235018,5239353,4335
MGG_05174,MGG_05174T0,4840483,4842263,1780
MGG_16386,MGG_16386T0,5489937,5490505,568
MGG_08202,MGG_08202T0,6052212,6054966,2754
MGG_09148,MGG_09148T0,297557,298849,1292
MGG_15408,MGG_15408T0,202627,205027,2400
MGG_00407,MGG_00407T0,2984398,2986387,1989
MGG_10953,MGG_10953T0,261335,262714,1379
MGG_03817,MGG_03817T0,2947966,2949909,1943
MGG_02077,MGG_02077T0,499117,499579,462
MGG_01903,MGG_01903T0,690722,691929,1207
MGG_17033,MGG_17033T0,536751,537119,368
MGG_07153,MGG_07153T0,6566937,6568325,1388
MGG_00585,MGG_00585T0,2401654,2402519,865
MGG_15706,MGG_15706T0,3695889,3697080,1191
MGG_16541,MGG_16541T0,7610780,7611720,940
MGG_16523,MGG_16523T0,7320016,7320533,517
MGG_07651,MGG_07651T0,1368717,1369058,341
MGG_11548,MGG_11548T0,2339062,2341761,2699
MGG_10736,MGG_10736T0,101682,103101,1419
MGG_02557,MGG_02557T0,2387074,2388149,1075
MGG_00969,MGG_00969T0,971362,973792,2430
MGG_15205,MGG_15205T0,791304,792836,1532
MGG_10832,MGG_10832T0,524102,525243,1141
MGG_03337,MGG_03337T0,2213879,2216775,2896
MGG_08077,MGG_08077T0,5615026,5617235,2209
MGG_03167,MGG_03167T0,2826687,2827905,1218
MGG_10533,MGG_10533T0,4765830,4767912,2082
MGG_18102,MGG_18102T0,48567,48785,218
MGG_02523,MGG_02523T0,2200695,2203003,2308
MGG_12476,MGG_12476T0,7985599,7987311,1712
MGG_10705,MGG_10705T0,3764888,3766882,1994
MGG_16159,MGG_16159T0,2482524,2483813,1289
MGG_13867,MGG_13867T0,5928169,5929088,919
MGG_06786,MGG_06786T0,2741976,2743886,1910
MGG_17111,MGG_17111T0,2194368,2195824,1456
MGG_15383,MGG_15383T0,2742342,2744391,2049
MGG_02489,MGG_02489T0,2061267,2063333,2066
MGG_12865,MGG_12865T0,4298546,4301566,3020
MGG_05636,MGG_05636T0,5921737,5923198,1461
MGG_15435,MGG_15435T0,85809,87519,1710
MGG_11079,MGG_11079T0,5966823,5969533,2710
MGG_01067,MGG_01067T0,630716,632303,1587
MGG_15606,MGG_15606T0,2047298,2049218,1920
MGG_00050,MGG_00050T0,4288791,4293490,4699
MGG_02373,MGG_02373T0,1582440,1583630,1190
MGG_07266,MGG_07266T0,7019860,7021382,1522
MGG_02129,MGG_02129T0,657490,660150,2660
MGG_06333,MGG_06333T0,4125251,4126238,987
MGG_17073,MGG_17073T0,1431461,1433591,2130
MGG_17451,MGG_17451T0,2826383,2826748,365
MGG_04683,MGG_04683T0,6969448,6971550,2102
MGG_15581,MGG_15581T0,1577366,1577818,452
MGG_09513,MGG_09513T0,3426453,3428547,2094
MGG_16449,MGG_16449T0,6216831,6217297,466
MGG_14692,MGG_14692T0,3073521,3075434,1913
MGG_15395,MGG_15395T0,3371983,3373270,1287
MGG_11613,MGG_11613T0,3435226,3437112,1886
MGG_05324,MGG_05324T0,5410938,5412698,1760
MGG_17791,MGG_17791T0,3459381,3459882,501
MGG_07644,MGG_07644T0,1310077,1311735,1658
MGG_11620,MGG_11620T0,3495326,3496394,1068
MGG_01315,MGG_01315T0,3079232,3081119,1887
MGG_16828,MGG_16828T0,3987579,3988969,1390
MGG_07079,MGG_07079T0,6288431,6290296,1865
MGG_16737,MGG_16737T0,2284280,2285143,863
MGG_03859,MGG_03859T0,2803347,2806759,3412
MGG_10783,MGG_10783T0,188974,190240,1266
MGG_08645,MGG_08645T0,7658361,7662460,4099
MGG_10750,MGG_10750T0,51523,54955,3432
MGG_09284,MGG_09284T0,4097014,4098594,1580
MGG_05964,MGG_05964T0,2135110,2136340,1230
MGG_17669,MGG_17669T0,1503027,1506552,3525
MGG_16317,MGG_16317T0,4703213,4704350,1137
MGG_14613,MGG_14613T0,241543,243538,1995
MGG_03293,MGG_03293T0,2365066,2366439,1373
MGG_10207,MGG_10207T0,185531,187180,1649
MGG_04353,MGG_04353T0,601645,602196,551
MGG_08212,MGG_08212T0,6092996,6096062,3066
MGG_00201,MGG_00201T0,3720560,3723598,3038
MGG_10180,MGG_10180T0,1668030,1671435,3405
MGG_06310,MGG_06310T0,4211962,4212914,952
MGG_07857,MGG_07857T0,6040865,6042065,1200
MGG_05274,MGG_05274T0,5240608,5242329,1721
MGG_08845,MGG_08845T0,1841718,1845135,3417
MGG_16794,MGG_16794T0,3359749,3360316,567
MGG_04685,MGG_04685T0,6955726,6961423,5697
MGG_04574,MGG_04574T0,1014221,1015423,1202
MGG_13426,MGG_13426T0,1136209,1138688,2479
MGG_07522,MGG_07522T0,913571,915783,2212
MGG_15905,MGG_15905T0,7250321,7251662,1341
MGG_00650,MGG_00650T0,2133523,2134717,1194
MGG_17004,MGG_17004T0,119400,119862,462
MGG_08976,MGG_08976T0,2349320,2350649,1329
MGG_07765,MGG_07765T0,5674399,5677741,3342
MGG_16134,MGG_16134T0,2092077,2093654,1577
MGG_14663,MGG_14663T0,1953206,1955558,2352
MGG_11498,MGG_11498T0,1720761,1723675,2914
MGG_07706,MGG_07706T0,5480722,5483615,2893
MGG_10740,MGG_10740T0,93999,95343,1344
MGG_04696,MGG_04696T0,1256903,1258097,1194
MGG_00913,MGG_00913T0,1158267,1160443,2176
MGG_09630,MGG_09630T0,3142950,3144840,1890
MGG_07227,MGG_07227T0,6869597,6871291,1694
MGG_16907,MGG_16907T0,5453776,5454238,462
MGG_16535,MGG_16535T0,7521619,7522504,885
MGG_06599,MGG_06599T0,3134447,3138130,3683
MGG_07622,MGG_07622T0,1244853,1245155,302
MGG_09356,MGG_09356T0,3565500,3566124,624
MGG_06604,MGG_06604T0,3122570,3124083,1513
MGG_16593,MGG_16593T0,220195,220563,368
MGG_06228,MGG_06228T0,4474692,4475756,1064
MGG_09991,MGG_09991T0,5046499,5048463,1964
MGG_00901,MGG_00901T0,1193693,1196033,2340
MGG_17194,MGG_17194T0,4254359,4254975,616
MGG_14630,MGG_14630T0,4034092,4034970,878
MGG_11902,MGG_11902T0,1937940,1941497,3557
MGG_03895,MGG_03895T0,2671487,2672878,1391
MGG_16453,MGG_16453T0,6266206,6266427,221
MGG_17096,MGG_17096T0,1956797,1957186,389
MGG_12301,MGG_12301T0,5880464,5882927,2463
MGG_00117,MGG_00117T0,4081847,4084562,2715
MGG_15431,MGG_15431T0,254394,255767,1373
MGG_04527,MGG_04527T0,926975,929197,2222
MGG_06872,MGG_06872T0,3066282,3069829,3547
MGG_17967,MGG_17967T0,1553984,1555781,1797
MGG_03528,MGG_03528T0,1589775,1590871,1096
MGG_16207,MGG_16207T0,3175252,3175697,445
MGG_04005,MGG_04005T0,2260211,2261728,1517
MGG_08191,MGG_08191T0,6010989,6011680,691
MGG_16769,MGG_16769T0,2791881,2792283,402
MGG_01961,MGG_01961T0,54402,55933,1531
MGG_09243,MGG_09243T0,3897735,3899262,1527
MGG_03096,MGG_03096T0,322430,323667,1237
MGG_13944,MGG_13944T0,248907,249727,820
MGG_05467,MGG_05467T0,5317021,5319636,2615
MGG_06328,MGG_06328T0,4138754,4142738,3984
MGG_03437,MGG_03437T0,1869339,1871332,1993
MGG_13005,MGG_13005T0,3246450,3249235,2785
MGG_01579,MGG_01579T0,4072214,4074123,1909
MGG_07007,MGG_07007T0,3561115,3562865,1750
MGG_03065,MGG_03065T0,415389,416846,1457
MGG_06928,MGG_06928T0,3284300,3287546,3246
MGG_15883,MGG_15883T0,6855786,6856095,309
MGG_12463,MGG_12463T0,7766664,7771648,4984
MGG_16431,MGG_16431T0,5964194,5964788,594
MGG_09960,MGG_09960T0,4506084,4510456,4372
MGG_10662,MGG_10662T0,4577183,4580557,3374
MGG_13176,MGG_13176T0,6410602,6416867,6265
MGG_17418,MGG_17418T0,2393358,2393773,415
MGG_14523,MGG_14523T0,1363328,1364112,784
MGG_14884,MGG_14884T0,2048369,2050313,1944
MGG_01004,MGG_01004T0,850646,852957,2311
MGG_09154,MGG_09154T0,318985,320224,1239
MGG_17020,MGG_17020T0,330200,331577,1377
MGG_07968,MGG_07968T0,6416108,6418147,2039
MGG_15351,MGG_15351T0,354194,355447,1253
MGG_03985,MGG_03985T0,2327366,2331311,3945
MGG_08683,MGG_08683T0,7786499,7788657,2158
MGG_10331,MGG_10331T0,74965,75582,617
MGG_00249,MGG_00249T0,3525561,3530101,4540
MGG_00309,MGG_00309T0,3322306,3324317,2011
MGG_10493,MGG_10493T0,418369,421485,3116
MGG_02792,MGG_02792T0,1488861,1491162,2301
MGG_06971,MGG_06971T0,3417619,3421864,4245
MGG_06760,MGG_06760T0,2623204,2626811,3607
MGG_08195,MGG_08195T0,6021312,6023249,1937
MGG_04412,MGG_04412T0,741689,743417,1728
MGG_13032,MGG_13032T0,5031229,5033205,1976
MGG_01473,MGG_01473T0,3690471,3692738,2267
MGG_07178,MGG_07178T0,6650203,6653817,3614
MGG_05811,MGG_05811T0,3051809,3055747,3938
MGG_09870,MGG_09870T0,3835311,3836734,1423
MGG_05051,MGG_05051T0,4430055,4431448,1393
MGG_04689,MGG_04689T0,6944729,6946598,1869
MGG_00971,MGG_00971T0,967056,968834,1778
MGG_01863,MGG_01863T0,5143688,5145673,1985
MGG_09517,MGG_09517T0,3413597,3417098,3501
MGG_17355,MGG_17355T0,1345057,1345573,516
MGG_15763,MGG_15763T0,4637118,4637580,462
MGG_15135,MGG_15135T0,4816138,4817254,1116
MGG_15865,MGG_15865T0,6598754,6601149,2395
MGG_10897,MGG_10897T0,7947633,7949606,1973
MGG_03070,MGG_03070T0,394932,397491,2559
MGG_14978,MGG_14978T0,250796,252070,1274
MGG_08990,MGG_08990T0,2389274,2391135,1861
MGG_05519,MGG_05519T0,5492468,5494131,1663
MGG_13385,MGG_13385T0,573586,577370,3784
MGG_00475,MGG_00475T0,2764565,2768926,4361
MGG_09928,MGG_09928T0,4372999,4376763,3764
MGG_00956,MGG_00956T0,1005738,1007354,1616
MGG_12442,MGG_12442T0,7558842,7560682,1840
MGG_14841,MGG_14841T0,4399798,4400253,455
MGG_16376,MGG_16376T0,5382121,5382356,235
MGG_08356,MGG_08356T0,7726435,7728618,2183
MGG_06514,MGG_06514T0,3448328,3451573,3245
MGG_17811,MGG_17811T0,3644230,3645070,840
MGG_01078,MGG_01078T0,583449,585058,1609
MGG_06420,MGG_06420T0,3806014,3809330,3316
MGG_09952,MGG_09952T0,4481490,4482932,1442
MGG_17542,MGG_17542T0,4221575,4224843,3268
MGG_08315,MGG_08315T0,7897646,7899894,2248
MGG_05193,MGG_05193T0,4907677,4911866,4189
MGG_05515,MGG_05515T0,5482172,5483760,1588
MGG_03929,MGG_03929T0,2531083,2533225,2142
MGG_04272,MGG_04272T0,1350185,1350920,735
MGG_02420,MGG_02420T0,1788648,1790810,2162
MGG_04563,MGG_04563T0,7192572,7193906,1334
MGG_05321,MGG_05321T0,5403286,5404668,1382
MGG_04429,MGG_04429T0,772044,776286,4242
MGG_00179,MGG_00179T0,3833966,3838209,4243
MGG_01083,MGG_01083T0,567197,569769,2572
MGG_14745,MGG_14745T0,1412196,1413560,1364
MGG_16217,MGG_16217T0,3334729,3335072,343
MGG_07753,MGG_07753T0,5641857,5643021,1164
MGG_15812,MGG_15812T0,5601062,5601398,336
MGG_14989,MGG_14989T0,579814,581099,1285
MGG_14878,MGG_14878T0,2276316,2277761,1445
MGG_16808,MGG_16808T0,3620550,3621012,462
MGG_01407,MGG_01407T0,3420597,3422716,2119
MGG_02059,MGG_02059T0,425504,436681,11177
MGG_14113,MGG_14113T0,48944,49782,838
MGG_03020,MGG_03020T0,629749,631467,1718
MGG_01748,MGG_01748T0,4684246,4688402,4156
MGG_16761,MGG_16761T0,2670065,2671108,1043
MGG_03148,MGG_03148T0,2891233,2894524,3291
MGG_11284,MGG_11284T0,2463487,2463892,405
MGG_06101,MGG_06101T0,2576715,2580594,3879
MGG_12552,MGG_12552T0,848423,848812,389
MGG_05135,MGG_05135T0,4717836,4720954,3118
MGG_00278,MGG_00278T0,3438787,3439168,381
MGG_02918,MGG_02918T0,1031349,1031995,646
MGG_11240,MGG_11240T0,2945939,2948429,2490
MGG_16770,MGG_16770T0,2816179,2820319,4140
MGG_10791,MGG_10791T0,226833,228065,1232
MGG_16473,MGG_16473T0,6513399,6514646,1247
MGG_02012,MGG_02012T0,232602,233321,719
MGG_09138,MGG_09138T0,61209,62357,1148
MGG_02460,MGG_02460T0,1955973,1957862,1889
MGG_10710,MGG_10710T0,3750848,3753045,2197
MGG_02630,MGG_02630T0,2128291,2132164,3873
MGG_16169,MGG_16169T0,2805841,2806263,422
MGG_07291,MGG_07291T0,7123602,7130125,6523
MGG_10471,MGG_10471T0,352751,353898,1147
MGG_14746,MGG_14746T0,1435607,1440993,5386
MGG_14959,MGG_14959T0,1381341,1382337,996
MGG_05326,MGG_05326T0,5417146,5419427,2281
MGG_04163,MGG_04163T0,1750987,1756526,5539
MGG_06242,MGG_06242T0,4434916,4437305,2389
MGG_03578,MGG_03578T0,1399520,1400588,1068
MGG_16463,MGG_16463T0,6378140,6379336,1196
MGG_18037,MGG_18037T0,2498905,2500881,1976
MGG_05013,MGG_05013T0,4304231,4305393,1162
MGG_04106,MGG_04106T0,1942504,1944420,1916
MGG_01081,MGG_01081T0,573365,574950,1585
MGG_09273,MGG_09273T0,4049282,4053747,4465
MGG_02933,MGG_02933T0,966171,968283,2112
MGG_05410,MGG_05410T0,5125111,5125625,514
MGG_09433,MGG_09433T0,3294534,3296677,2143
MGG_01831,MGG_01831T0,5011913,5013801,1888
MGG_17543,MGG_17543T0,4232828,4234190,1362
MGG_02666,MGG_02666T0,1981093,1981856,763
MGG_11894,MGG_11894T0,2086739,2087512,773
MGG_18029,MGG_18029T0,2371189,2372173,984
MGG_01972,MGG_01972T0,95222,96802,1580
MGG_15626,MGG_15626T0,2402252,2402788,536
MGG_12655,MGG_12655T0,2260488,2260829,341
MGG_04030,MGG_04030T0,2177976,2181263,3287
MGG_18079,MGG_18079T0,3133876,3134781,905
MGG_15546,MGG_15546T0,959708,960197,489
MGG_11545,MGG_11545T0,2309053,2311521,2468
MGG_02562,MGG_02562T0,2373169,2374580,1411
MGG_12973,MGG_12973T0,3822278,3824780,2502
MGG_14812,MGG_14812T0,4547754,4548158,404
MGG_08424,MGG_08424T0,154712,155488,776
MGG_10222,MGG_10222T0,533771,534025,254
MGG_12020,MGG_12020T0,3410152,3411753,1601
MGG_07263,MGG_07263T0,7011367,7013343,1976
MGG_07668,MGG_07668T0,1446184,1447017,833
MGG_15319,MGG_15319T0,6650038,6650568,530
MGG_11229,MGG_11229T0,3136395,3139048,2653
MGG_14157,MGG_14157T0,4073815,4075885,2070
MGG_17279,MGG_17279T0,5438932,5439532,600
MGG_01293,MGG_01293T0,3003167,3004324,1157
MGG_15972,MGG_15972T0,8229571,8229912,341
MGG_03897,MGG_03897T0,2666450,2669331,2881
MGG_13977,MGG_13977T0,473034,475925,2891
MGG_05404,MGG_05404T0,5106802,5108806,2004
MGG_10914,MGG_10914T0,20327,20635,308
MGG_12923,MGG_12923T0,4868039,4872494,4455
MGG_02376,MGG_02376T0,1590245,1594532,4287
MGG_16266,MGG_16266T0,4060427,4061724,1297
MGG_15656,MGG_15656T0,2863586,2864829,1243
MGG_03369,MGG_03369T0,2115125,2116485,1360
MGG_17692,MGG_17692T0,2031653,2032931,1278
MGG_11308,MGG_11308T0,2172668,2174453,1785
MGG_04778,MGG_04778T0,6728184,6729778,1594
MGG_15845,MGG_15845T0,6208603,6208974,371
MGG_02448,MGG_02448T0,1912550,1913852,1302
MGG_10615,MGG_10615T0,6536349,6537341,992
MGG_05126,MGG_05126T0,4680423,4682504,2081
MGG_07837,MGG_07837T0,5986465,5988793,2328
MGG_04524,MGG_04524T0,912465,915321,2856
MGG_03821,MGG_03821T0,2924482,2926598,2116
MGG_03499,MGG_03499T0,1680296,1681024,728
MGG_06414,MGG_06414T0,3826722,3828953,2231
MGG_05071,MGG_05071T0,4487123,4490092,2969
MGG_01638,MGG_01638T0,4290657,4294817,4160
MGG_17877,MGG_17877T0,506976,512310,5334
MGG_08436,MGG_08436T0,190985,194472,3487
MGG_00366,MGG_00366T0,3109157,3110649,1492
MGG_15075,MGG_15075T0,6261838,6263143,1305
MGG_04023,MGG_04023T0,2197139,2198316,1177
MGG_06049,MGG_06049T0,2393461,2394728,1267
MGG_16420,MGG_16420T0,5843232,5843806,574
MGG_16004,MGG_16004T0,271901,272522,621
MGG_00890,MGG_00890T0,1226775,1229953,3178
MGG_01277,MGG_01277T0,2941012,2942695,1683
MGG_15928,MGG_15928T0,7617293,7619366,2073
MGG_05907,MGG_05907T0,1910181,1910776,595
MGG_16016,MGG_16016T0,390210,390530,320
MGG_16229,MGG_16229T0,3428458,3428810,352
MGG_07494,MGG_07494T0,823146,825776,2630
MGG_01707,MGG_01707T0,4533356,4534753,1397
MGG_08095,MGG_08095T0,5685021,5687433,2412
MGG_01049,MGG_01049T0,679635,681715,2080
MGG_10542,MGG_10542T0,4798853,4799391,538
MGG_17135,MGG_17135T0,2794263,2796194,1931
MGG_02073,MGG_02073T0,485861,486343,482
MGG_06726,MGG_06726T0,2520858,2523162,2304
MGG_09795,MGG_09795T0,4097274,4097997,723
MGG_17850,MGG_17850T0,91822,92369,547
MGG_15907,MGG_15907T0,7331607,7332669,1062
MGG_06205,MGG_06205T0,2939307,2943261,3954
MGG_09250,MGG_09250T0,3922253,3925056,2803
MGG_16803,MGG_16803T0,3538031,3538279,248
MGG_15790,MGG_15790T0,5265567,5267251,1684
MGG_17351,MGG_17351T0,1279467,1279904,437
MGG_06359,MGG_06359T0,4035172,4036205,1033
MGG_08896,MGG_08896T0,2029649,2031299,1650
MGG_10777,MGG_10777T0,133564,134242,678
MGG_05623,MGG_05623T0,5882032,5883816,1784
MGG_07587,MGG_07587T0,1123697,1124692,995
MGG_15144,MGG_15144T0,4694710,4695527,817
MGG_12222,MGG_12222T0,996239,997972,1733
MGG_13772,MGG_13772T0,6885620,6887776,2156
MGG_02483,MGG_02483T0,2031283,2033279,1996
MGG_12919,MGG_12919T0,4914948,4916516,1568
MGG_17098,MGG_17098T0,1982704,1986838,4134
MGG_05146,MGG_05146T0,4749710,4751077,1367
MGG_07166,MGG_07166T0,6604827,6606142,1315
MGG_15757,MGG_15757T0,4518085,4521154,3069
MGG_14290,MGG_14290T0,750253,750581,328
MGG_03255,MGG_03255T0,2517508,2522173,4665
MGG_16536,MGG_16536T0,7527923,7528193,270
MGG_09079,MGG_09079T0,73773,75042,1269
MGG_07614,MGG_07614T0,1216533,1219604,3071
MGG_06143,MGG_06143T0,2716391,2721750,5359
MGG_00832,MGG_00832T0,1461141,1464981,3840
MGG_03135,MGG_03135T0,2944723,2945818,1095
MGG_12037,MGG_12037T0,3269081,3272131,3050
MGG_03663,MGG_03663T0,1097884,1099158,1274
MGG_18100,MGG_18100T0,24645,25852,1207
MGG_11450,MGG_11450T0,776434,777909,1475
MGG_04546,MGG_04546T0,7251411,7251722,311
MGG_11676,MGG_11676T0,4188574,4191220,2646
MGG_07831,MGG_07831T0,5972051,5973168,1117
MGG_06047,MGG_06047T0,2389262,2391840,2578
MGG_05933,MGG_05933T0,2025277,2029393,4116
MGG_04059,MGG_04059T0,2092203,2094273,2070
MGG_17872,MGG_17872T0,378575,380532,1957
MGG_17591,MGG_17591T0,575945,576472,527
MGG_16632,MGG_16632T0,630482,631303,821
MGG_16036,MGG_16036T0,650526,650859,333
MGG_06764,MGG_06764T0,2638446,2640911,2465
MGG_14134,MGG_14134T0,180671,183059,2388
MGG_04841,MGG_04841T0,3678316,3679854,1538
MGG_07925,MGG_07925T0,6269650,6272310,2660
MGG_02732,MGG_02732T0,1709511,1712254,2743
MGG_08328,MGG_08328T0,7809207,7811179,1972
MGG_15430,MGG_15430T0,4108392,4109863,1471
MGG_05663,MGG_05663T0,6028704,6031237,2533
MGG_17425,MGG_17425T0,2459221,2459703,482
MGG_06344,MGG_06344T0,4085980,4087897,1917
MGG_01992,MGG_01992T0,165829,166457,628
MGG_05855,MGG_05855T0,1727970,1730991,3021
MGG_16847,MGG_16847T0,4371393,4373205,1812
MGG_04749,MGG_04749T0,6784542,6785848,1306
MGG_05489,MGG_05489T0,5422256,5424628,2372
MGG_17068,MGG_17068T0,1330130,1330543,413
MGG_13527,MGG_13527T0,1425967,1428920,2953
MGG_01548,MGG_01548T0,3971818,3975910,4092
MGG_06369,MGG_06369T0,3988574,3990993,2419
MGG_10316,MGG_10316T0,149434,151505,2071
MGG_03727,MGG_03727T0,900961,902312,1351
MGG_06180,MGG_06180T0,2843923,2845997,2074
MGG_01396,MGG_01396T0,3387509,3390934,3425
MGG_05905,MGG_05905T0,1902690,1906222,3532
MGG_07355,MGG_07355T0,7366474,7367505,1031
MGG_16615,MGG_16615T0,473207,473991,784
MGG_04421,MGG_04421T0,7422516,7429674,7158
MGG_16109,MGG_16109T0,1600383,1601133,750
MGG_07161,MGG_07161T0,6592453,6595263,2810
MGG_16607,MGG_16607T0,386305,387156,851
MGG_05712,MGG_05712T0,6203883,6206572,2689
MGG_04437,MGG_04437T0,803751,806738,2987
MGG_03631,MGG_03631T0,1195619,1197785,2166
MGG_03282,MGG_03282T0,2406572,2408505,1933
MGG_09542,MGG_09542T0,3328367,3329367,1000
MGG_09958,MGG_09958T0,4502566,4503579,1013
MGG_07492,MGG_07492T0,816972,818102,1130
MGG_05090,MGG_05090T0,4571453,4574723,3270
MGG_01390,MGG_01390T0,3365304,3367485,2181
MGG_06331,MGG_06331T0,4128752,4131043,2291
MGG_13226,MGG_13226T0,2427437,2428920,1483
MGG_13716,MGG_13716T0,661765,662093,328
MGG_05538,MGG_05538T0,5544704,5545192,488
MGG_14217,MGG_14217T0,122340,124269,1929
MGG_15314,MGG_15314T0,6716655,6717279,624
MGG_01648,MGG_01648T0,4324886,4326976,2090
MGG_08861,MGG_08861T0,1900565,1901977,1412
MGG_06611,MGG_06611T0,3101564,3102436,872
MGG_01814,MGG_01814T0,4935648,4938178,2530
MGG_05187,MGG_05187T0,4890987,4891670,683
MGG_09089,MGG_09089T0,117453,118454,1001
MGG_11378,MGG_11378T0,1164531,1165261,730
MGG_14610,MGG_14610T0,342883,344399,1516
MGG_16121,MGG_16121T0,1743278,1744448,1170
MGG_14670,MGG_14670T0,2305587,2306083,496
MGG_09247,MGG_09247T0,3913677,3916753,3076
MGG_09930,MGG_09930T0,4377968,4382153,4185
MGG_10681,MGG_10681T0,71134,74471,3337
MGG_15910,MGG_15910T0,7379623,7380666,1043
MGG_05080,MGG_05080T0,4540048,4541748,1700
MGG_01805,MGG_01805T0,4907616,4910708,3092
MGG_03993,MGG_03993T0,2301471,2309014,7543
MGG_09750,MGG_09750T0,5316936,5318460,1524
MGG_10581,MGG_10581T0,2823603,2826151,2548
MGG_13009,MGG_13009T0,3233723,3234607,884
MGG_01874,MGG_01874T0,5177058,5179112,2054
MGG_05293,MGG_05293T0,5308699,5310825,2126
MGG_15555,MGG_15555T0,1225087,1226112,1025
MGG_15182,MGG_15182T0,4784703,4786562,1859
MGG_09082,MGG_09082T0,86855,92358,5503
MGG_04885,MGG_04885T0,3830077,3832528,2451
MGG_07633,MGG_07633T0,1274628,1275574,946
MGG_07758,MGG_07758T0,5655654,5655897,243
MGG_07762,MGG_07762T0,5661127,5661600,473
MGG_02206,MGG_02206T0,940140,941166,1026
MGG_00993,MGG_00993T0,888112,890352,2240
MGG_06259,MGG_06259T0,4374863,4377999,3136
MGG_03392,MGG_03392T0,2045650,2047987,2337
MGG_15919,MGG_15919T0,7477777,7478754,977
MGG_18051,MGG_18051T0,2812235,2812684,449
MGG_15658,MGG_15658T0,2936537,2937155,618
MGG_00277,MGG_00277T0,3440329,3442043,1714
MGG_15997,MGG_15997T0,228998,230477,1479
MGG_11697,MGG_11697T0,4426467,4428237,1770
MGG_08107,MGG_08107T0,5714938,5716517,1579
MGG_17733,MGG_17733T0,2714377,2715831,1454
MGG_12722,MGG_12722T0,2253264,2255777,2513
MGG_02164,MGG_02164T0,773653,774231,578
MGG_01484,MGG_01484T0,3732674,3734487,1813
MGG_07779,MGG_07779T0,5742832,5745336,2504
MGG_17015,MGG_17015T0,231662,232084,422
MGG_02606,MGG_02606T0,2217080,2218667,1587
MGG_17295,MGG_17295T0,66236,66650,414
MGG_15639,MGG_15639T0,2631977,2632372,395
MGG_15776,MGG_15776T0,4963982,4964482,500
MGG_10337,MGG_10337T0,58149,59868,1719
MGG_10812,MGG_10812T0,7484234,7486634,2400
MGG_16735,MGG_16735T0,2265712,2266222,510
MGG_10253,MGG_10253T0,299733,300631,898
MGG_03009,MGG_03009T0,660519,662003,1484
MGG_06935,MGG_06935T0,3311896,3313582,1686
MGG_07474,MGG_07474T0,761569,762654,1085
MGG_08643,MGG_08643T0,7650668,7656049,5381
MGG_04587,MGG_04587T0,1038097,1042514,4417
MGG_02442,MGG_02442T0,1867922,1873250,5328
MGG_05428,MGG_05428T0,5185783,5187600,1817
MGG_17744,MGG_17744T0,2888757,2889224,467
MGG_01595,MGG_01595T0,4126725,4129113,2388
MGG_17551,MGG_17551T0,4445632,4446261,629
MGG_16248,MGG_16248T0,3817704,3819057,1353
MGG_04881,MGG_04881T0,3814992,3816900,1908
MGG_03581,MGG_03581T0,1392000,1394930,2930
MGG_17930,MGG_17930T0,1065631,1066478,847
MGG_15033,MGG_15033T0,2330981,2331691,710
MGG_10360,MGG_10360T0,857748,858947,1199
MGG_01849,MGG_01849T0,5086450,5090885,4435
MGG_14599,MGG_14599T0,698461,699449,988
MGG_03212,MGG_03212T0,2670553,2671795,1242
MGG_07525,MGG_07525T0,923963,926455,2492
MGG_01556,MGG_01556T0,3998371,3999478,1107
MGG_15732,MGG_15732T0,4022337,4025038,2701
MGG_16482,MGG_16482T0,6639999,6640693,694
MGG_17672,MGG_17672T0,1588338,1589298,960
MGG_06988,MGG_06988T0,3483025,3483834,809
MGG_14752,MGG_14752T0,1589552,1593479,3927
MGG_14011,MGG_14011T0,2759209,2762699,3490
MGG_06289,MGG_06289T0,4270659,4272075,1416
MGG_15801,MGG_15801T0,5361645,5362218,573
MGG_05239,MGG_05239T0,5095869,5100203,4334
MGG_03645,MGG_03645T0,1147436,1149767,2331
MGG_07206,MGG_07206T0,6761196,6763243,2047
MGG_03242,MGG_03242T0,2568180,2573293,5113
MGG_02566,MGG_02566T0,2364688,2366635,1947
MGG_06584,MGG_06584T0,3198231,3199524,1293
MGG_06640,MGG_06640T0,2235079,2239077,3998
MGG_09961,MGG_09961T0,4510827,4514451,3624
MGG_16648,MGG_16648T0,841179,842606,1427
MGG_13619,MGG_13619T0,5023087,5024539,1452
MGG_10504,MGG_10504T0,4633600,4637291,3691
MGG_06014,MGG_06014T0,2280353,2282089,1736
MGG_17213,MGG_17213T0,4528602,4529162,560
MGG_16638,MGG_16638T0,693556,694163,607
MGG_06600,MGG_06600T0,3132668,3134931,2263
MGG_06405,MGG_06405T0,3847104,3848996,1892
MGG_03901,MGG_03901T0,2650493,2652913,2420
MGG_06092,MGG_06092T0,2546917,2549144,2227
MGG_04394,MGG_04394T0,7491907,7493847,1940
MGG_00259,MGG_00259T0,3500300,3500743,443
MGG_17516,MGG_17516T0,3812294,3813414,1120
MGG_11030,MGG_11030T0,1969383,1970215,832
MGG_07097,MGG_07097T0,6353239,6355680,2441
MGG_07964,MGG_07964T0,6403942,6405874,1932
MGG_02823,MGG_02823T0,1384307,1393498,9191
MGG_16491,MGG_16491T0,6701011,6701907,896
MGG_03285,MGG_03285T0,2396247,2399075,2828
MGG_16091,MGG_16091T0,1327658,1328308,650
MGG_08116,MGG_08116T0,5741003,5741926,923
MGG_01872,MGG_01872T0,5173056,5174512,1456
MGG_10751,MGG_10751T0,44286,47028,2742
MGG_17054,MGG_17054T0,1138239,1142149,3910
MGG_17715,MGG_17715T0,2349890,2350288,398
MGG_07891,MGG_07891T0,6168333,6170253,1920
MGG_09721,MGG_09721T0,5388015,5391246,3231
MGG_17053,MGG_17053T0,1136675,1138250,1575
MGG_06628,MGG_06628T0,3052837,3056491,3654
MGG_10694,MGG_10694T0,3793545,3796830,3285
MGG_11893,MGG_11893T0,2088311,2089906,1595
MGG_01335,MGG_01335T0,3143326,3144627,1301
MGG_06403,MGG_06403T0,3852698,3855273,2575
MGG_04031,MGG_04031T0,2173660,2176677,3017
MGG_06169,MGG_06169T0,2816420,2818379,1959
MGG_02222,MGG_02222T0,1005390,1006382,992
MGG_05554,MGG_05554T0,5613792,5615436,1644
MGG_05739,MGG_05739T0,6338976,6342968,3992
MGG_10498,MGG_10498T0,429829,431256,1427
MGG_16417,MGG_16417T0,5812743,5815025,2282
MGG_01069,MGG_01069T0,625017,626176,1159
MGG_00538,MGG_00538T0,2536005,2538643,2638
MGG_00331,MGG_00331T0,3236690,3238271,1581
MGG_02601,MGG_02601T0,2237105,2239026,1921
MGG_01567,MGG_01567T0,4034168,4034893,725
MGG_01334,MGG_01334T0,3141695,3142099,404
MGG_00352,MGG_00352T0,3159730,3161974,2244
MGG_07192,MGG_07192T0,6702978,6706343,3365
MGG_17077,MGG_17077T0,1539236,1539577,341
MGG_16796,MGG_16796T0,3439286,3439843,557
MGG_03670,MGG_03670T0,1068553,1070813,2260
MGG_06886,MGG_06886T0,3122917,3126489,3572
MGG_12138,MGG_12138T0,2090627,2092893,2266
MGG_03324,MGG_03324T0,2256849,2258297,1448
MGG_00304,MGG_00304T0,3336425,3339526,3101
MGG_06301,MGG_06301T0,4236347,4239363,3016
MGG_15436,MGG_15436T0,28988,30975,1987
MGG_13324,MGG_13324T0,63772,68651,4879
MGG_00145,MGG_00145T0,3957303,3960599,3296
MGG_10105,MGG_10105T0,4627661,4628838,1177
MGG_03248,MGG_03248T0,2552982,2556640,3658
MGG_02737,MGG_02737T0,1701018,1703431,2413
MGG_01349,MGG_01349T0,3206529,3208352,1823
MGG_17500,MGG_17500T0,3617910,3618328,418
MGG_16404,MGG_16404T0,5632954,5633559,605
MGG_05682,MGG_05682T0,6100557,6102778,2221
MGG_17747,MGG_17747T0,2955912,2958118,2206
MGG_06209,MGG_06209T0,2950194,2951778,1584
MGG_09176,MGG_09176T0,3631662,3632414,752
MGG_16842,MGG_16842T0,4346368,4347083,715
MGG_11919,MGG_11919T0,1670159,1673032,2873
MGG_11681,MGG_11681T0,4265299,4266062,763
MGG_02940,MGG_02940T0,930784,933170,2386
MGG_06487,MGG_06487T0,3561225,3562977,1752
MGG_06647,MGG_06647T0,2273403,2274884,1481
MGG_01426,MGG_01426T0,3488602,3491508,2906
MGG_07661,MGG_07661T0,1418382,1423150,4768
MGG_04159,MGG_04159T0,1773062,1776235,3173
MGG_12818,MGG_12818T0,3475949,3477674,1725
MGG_01289,MGG_01289T0,2990890,2993200,2310
MGG_15438,MGG_15438T0,34138,35657,1519
MGG_05331,MGG_05331T0,5425863,5428669,2806
MGG_17906,MGG_17906T0,835452,835709,257
MGG_15077,MGG_15077T0,6349136,6350071,935
MGG_09545,MGG_09545T0,3320871,3323341,2470
MGG_10526,MGG_10526T0,4716963,4722478,5515
MGG_03720,MGG_03720T0,922429,924123,1694
MGG_10468,MGG_10468T0,342222,343796,1574
MGG_17799,MGG_17799T0,3559686,3560021,335
MGG_14215,MGG_14215T0,126451,129090,2639
MGG_17011,MGG_17011T0,157723,158151,428
MGG_14691,MGG_14691T0,3072080,3073555,1475
MGG_03836,MGG_03836T0,2885191,2887767,2576
MGG_09805,MGG_09805T0,4056353,4057961,1608
MGG_06316,MGG_06316T0,4191076,4193241,2165
MGG_08746,MGG_08746T0,275505,279128,3623
MGG_15519,MGG_15519T0,338953,339529,576
MGG_15834,MGG_15834T0,5968249,5969554,1305
MGG_05779,MGG_05779T0,3173479,3173783,304
MGG_09988,MGG_09988T0,5057508,5059276,1768
MGG_01538,MGG_01538T0,3938121,3943539,5418
MGG_17698,MGG_17698T0,2099507,2104366,4859
MGG_14768,MGG_14768T0,2393949,2398420,4471
MGG_01171,MGG_01171T0,2500654,2503960,3306
MGG_13132,MGG_13132T0,5824996,5825638,642
MGG_03245,MGG_03245T0,2560057,2561976,1919
MGG_08862,MGG_08862T0,1903035,1904429,1394
MGG_16447,MGG_16447T0,6193755,6194094,339
MGG_02891,MGG_02891T0,1126224,1128435,2211
MGG_05120,MGG_05120T0,4663495,4665018,1523
MGG_05637,MGG_05637T0,5923638,5927052,3414
MGG_17256,MGG_17256T0,5067168,5067578,410
MGG_08572,MGG_08572T0,716609,719173,2564
MGG_02604,MGG_02604T0,2220881,2222571,1690
MGG_03367,MGG_03367T0,2116782,2121190,4408
MGG_16448,MGG_16448T0,6195601,6195972,371
MGG_14834,MGG_14834T0,4600127,4600984,857
MGG_05009,MGG_05009T0,4288433,4292426,3993
MGG_04979,MGG_04979T0,4141118,4143469,2351
MGG_12791,MGG_12791T0,3167709,3170793,3084
MGG_09177,MGG_09177T0,3634520,3636498,1978
MGG_09440,MGG_09440T0,3274677,3276529,1852
MGG_06999,MGG_06999T0,3530493,3532385,1892
MGG_11156,MGG_11156T0,4627065,4629437,2372
MGG_13875,MGG_13875T0,5962500,5963930,1430
MGG_09491,MGG_09491T0,3501260,3502277,1017
MGG_02379,MGG_02379T0,1616611,1617336,725
MGG_17347,MGG_17347T0,1199686,1200564,878
MGG_05256,MGG_05256T0,5167488,5170617,3129
MGG_17471,MGG_17471T0,3210746,3216756,6010
MGG_00946,MGG_00946T0,1034992,1037138,2146
MGG_15951,MGG_15951T0,7887461,7889436,1975
MGG_06753,MGG_06753T0,2606309,2607477,1168
MGG_03833,MGG_03833T0,2892640,2894763,2123
MGG_02842,MGG_02842T0,1308301,1310833,2532
MGG_17149,MGG_17149T0,3088450,3089254,804
MGG_01044,MGG_01044T0,698995,701544,2549
MGG_09100,MGG_09100T0,165024,165784,760
MGG_06185,MGG_06185T0,2859430,2860379,949
MGG_01781,MGG_01781T0,4807363,4812272,4909
MGG_15018,MGG_15018T0,1921305,1924516,3211
MGG_08360,MGG_08360T0,7718363,7719184,821
MGG_09681,MGG_09681T0,5533175,5534286,1111
MGG_03530,MGG_03530T0,1580529,1584837,4308
MGG_07558,MGG_07558T0,1016943,1017956,1013
MGG_17233,MGG_17233T0,4744787,4745607,820
MGG_09488,MGG_09488T0,3510126,3512148,2022
MGG_01594,MGG_01594T0,4124965,4127729,2764
MGG_09478,MGG_09478T0,3549944,3551146,1202
MGG_04726,MGG_04726T0,6860550,6864499,3949
MGG_03165,MGG_03165T0,2832326,2834874,2548
MGG_16766,MGG_16766T0,2735206,2736149,943
MGG_05748,MGG_05748T0,6379665,6381490,1825
MGG_07836,MGG_07836T0,5984940,5985395,455
MGG_07914,MGG_07914T0,6235688,6236839,1151
MGG_09098,MGG_09098T0,156828,159980,3152
MGG_16098,MGG_16098T0,1370916,1371311,395
MGG_04024,MGG_04024T0,2191887,2196204,4317
MGG_04511,MGG_04511T0,7269695,7271540,1845
MGG_07971,MGG_07971T0,6424033,6428570,4537
MGG_11487,MGG_11487T0,1481672,1482869,1197
MGG_00791,MGG_00791T0,1611151,1612227,1076
MGG_12304,MGG_12304T0,5902086,5905014,2928
MGG_17771,MGG_17771T0,3233497,3234855,1358
MGG_03729,MGG_03729T0,897312,899771,2459
MGG_09438,MGG_09438T0,3279555,3279970,415
MGG_11658,MGG_11658T0,4003231,4004607,1376
MGG_02955,MGG_02955T0,870928,872250,1322
MGG_02740,MGG_02740T0,1696403,1698281,1878
MGG_04019,MGG_04019T0,2215023,2219898,4875
MGG_09469,MGG_09469T0,3575166,3576913,1747
MGG_16878,MGG_16878T0,4863176,4864121,945
MGG_00428,MGG_00428T0,2920505,2929876,9371
MGG_02017,MGG_02017T0,248547,249729,1182
MGG_16781,MGG_16781T0,3109398,3109761,363
MGG_00152,MGG_00152T0,3929861,3934291,4430
MGG_17958,MGG_17958T0,1464007,1465202,1195
MGG_17557,MGG_17557T0,14970,16578,1608
MGG_07017,MGG_07017T0,3588732,3589838,1106
MGG_14853,MGG_14853T0,3459855,3461153,1298
MGG_16647,MGG_16647T0,827058,827556,498
MGG_08477,MGG_08477T0,361576,362475,899
MGG_17992,MGG_17992T0,1841058,1841952,894
MGG_11431,MGG_11431T0,446467,447860,1393
MGG_15615,MGG_15615T0,2227598,2228539,941
MGG_07311,MGG_07311T0,7194374,7195777,1403
MGG_04398,MGG_04398T0,7475256,7476901,1645
MGG_04517,MGG_04517T0,881512,885018,3506
MGG_15184,MGG_15184T0,121107,122708,1601
MGG_08938,MGG_08938T0,2188042,2189824,1782
MGG_14248,MGG_14248T0,131679,132122,443
MGG_04186,MGG_04186T0,1663787,1669339,5552
MGG_03478,MGG_03478T0,1740043,1740880,837
MGG_01427,MGG_01427T0,3491694,3494291,2597
MGG_14873,MGG_14873T0,2470362,2473879,3517
MGG_02936,MGG_02936T0,949372,949998,626
MGG_02072,MGG_02072T0,480338,484056,3718
MGG_15867,MGG_15867T0,6611727,6615765,4038
MGG_14587,MGG_14587T0,2654218,2657400,3182
MGG_06484,MGG_06484T0,3570041,3571741,1700
MGG_16415,MGG_16415T0,5768694,5769176,482
MGG_16405,MGG_16405T0,5638749,5639211,462
MGG_12478,MGG_12478T0,8017088,8019445,2357
MGG_02904,MGG_02904T0,1079864,1083469,3605
MGG_00776,MGG_00776T0,1668637,1670519,1882
MGG_07221,MGG_07221T0,6856630,6858251,1621
MGG_11916,MGG_11916T0,1717071,1719173,2102
MGG_04532,MGG_04532T0,940781,942346,1565
MGG_18062,MGG_18062T0,2928130,2928540,410
MGG_02217,MGG_02217T0,974028,975434,1406
MGG_17527,MGG_17527T0,4028947,4029394,447
MGG_16550,MGG_16550T0,7793063,7793722,659
MGG_15798,MGG_15798T0,5333723,5334508,785
MGG_06791,MGG_06791T0,2760000,2761814,1814
MGG_10202,MGG_10202T0,1753132,1755281,2149
MGG_03365,MGG_03365T0,2126758,2127261,503
MGG_06243,MGG_06243T0,4430621,4434809,4188
MGG_04828,MGG_04828T0,1508116,1511317,3201
MGG_16865,MGG_16865T0,4582212,4583239,1027
MGG_00872,MGG_00872T0,1308529,1309948,1419
MGG_00047,MGG_00047T0,4304806,4305296,490
MGG_11278,MGG_11278T0,2548497,2551245,2748
MGG_17063,MGG_17063T0,1293222,1293722,500
MGG_07669,MGG_07669T0,1448381,1448799,418
MGG_01702,MGG_01702T0,4514397,4518531,4134
MGG_08820,MGG_08820T0,1758954,1763499,4545
MGG_05225,MGG_05225T0,5055549,5059112,3563
MGG_07550,MGG_07550T0,989410,991226,1816
MGG_08804,MGG_08804T0,66797,69396,2599
MGG_04980,MGG_04980T0,4143663,4144529,866
MGG_05396,MGG_05396T0,5080219,5080686,467
MGG_16894,MGG_16894T0,5116436,5118265,1829
MGG_16916,MGG_16916T0,5604755,5605130,375
MGG_17204,MGG_17204T0,4387874,4388567,693
MGG_10024,MGG_10024T0,4900457,4901750,1293
MGG_16561,MGG_16561T0,7853534,7854463,929
MGG_02332,MGG_02332T0,1434444,1435253,809
MGG_01393,MGG_01393T0,3373153,3376687,3534
MGG_09519,MGG_09519T0,3406290,3408377,2087
MGG_17377,MGG_17377T0,1729693,1731363,1670
MGG_06695,MGG_06695T0,2417512,2419930,2418
MGG_16215,MGG_16215T0,3275213,3275953,740
MGG_03241,MGG_03241T0,2574281,2577357,3076
MGG_09224,MGG_09224T0,3821678,3823690,2012
MGG_16282,MGG_16282T0,4208637,4209545,908
MGG_16664,MGG_16664T0,1134438,1135340,902
MGG_06175,MGG_06175T0,2831783,2835052,3269
MGG_03548,MGG_03548T0,1496845,1502722,5877
MGG_01529,MGG_01529T0,3908417,3908871,454
MGG_14949,MGG_14949T0,3355477,3356729,1252
MGG_06609,MGG_06609T0,3105535,3107359,1824
MGG_16147,MGG_16147T0,2266031,2267833,1802
MGG_13203,MGG_13203T0,2687949,2690881,2932
MGG_09350,MGG_09350T0,3596873,3599045,2172
MGG_17504,MGG_17504T0,3694954,3696319,1365
MGG_17470,MGG_17470T0,3157509,3158315,806
MGG_02269,MGG_02269T0,1212487,1214111,1624
MGG_18072,MGG_18072T0,3013634,3013918,284
MGG_10723,MGG_10723T0,3719731,3720098,367
MGG_08753,MGG_08753T0,253008,254256,1248
MGG_12336,MGG_12336T0,6304869,6310729,5860
MGG_11410,MGG_11410T0,580881,583704,2823
MGG_03880,MGG_03880T0,2724020,2725874,1854
MGG_12764,MGG_12764T0,2857015,2858143,1128
MGG_07214,MGG_07214T0,6792433,6793812,1379
MGG_06519,MGG_06519T0,3434534,3437516,2982
MGG_15623,MGG_15623T0,2306363,2306988,625
MGG_01397,MGG_01397T0,3392199,3393851,1652
MGG_05010,MGG_05010T0,4294742,4296864,2122
MGG_04304,MGG_04304T0,1235006,1236247,1241
MGG_05963,MGG_05963T0,2133845,2135332,1487
MGG_17522,MGG_17522T0,3944375,3944703,328
MGG_04150,MGG_04150T0,1792454,1796223,3769
MGG_07296,MGG_07296T0,7138306,7141365,3059
MGG_15823,MGG_15823T0,5781349,5782421,1072
MGG_05655,MGG_05655T0,5994430,5995680,1250
MGG_13766,MGG_13766T0,6765212,6766325,1113
MGG_01374,MGG_01374T0,3301052,3302111,1059
MGG_03926,MGG_03926T0,2536326,2539518,3192
MGG_00411,MGG_00411T0,2973275,2976274,2999
MGG_06096,MGG_06096T0,2560278,2563053,2775
MGG_08614,MGG_08614T0,7576416,7578290,1874
MGG_08279,MGG_08279T0,8025399,8028122,2723
MGG_02532,MGG_02532T0,2476899,2478322,1423
MGG_14758,MGG_14758T0,1962661,1964093,1432
MGG_12081,MGG_12081T0,2745997,2746345,348
MGG_13326,MGG_13326T0,69523,72791,3268
MGG_03161,MGG_03161T0,2845089,2848697,3608
MGG_00311,MGG_00311T0,3310828,3312350,1522
MGG_07523,MGG_07523T0,916630,921637,5007
MGG_06241,MGG_06241T0,4437453,4439145,1692
MGG_08582,MGG_08582T0,759414,763489,4075
MGG_01751,MGG_01751T0,4695759,4700079,4320
MGG_12527,MGG_12527T0,504669,506751,2082
MGG_04456,MGG_04456T0,849123,853349,4226
MGG_10735,MGG_10735T0,104396,106811,2415
MGG_05675,MGG_05675T0,6082308,6086475,4167
MGG_06001,MGG_06001T0,2248419,2250962,2543
MGG_07386,MGG_07386T0,402606,406364,3758
MGG_14677,MGG_14677T0,2746729,2748586,1857
MGG_10185,MGG_10185T0,1686021,1687321,1300
MGG_17884,MGG_17884T0,569646,571245,1599
MGG_11206,MGG_11206T0,3600813,3601531,718
MGG_07215,MGG_07215T0,6810552,6814050,3498
MGG_15858,MGG_15858T0,6486537,6486958,421
MGG_04613,MGG_04613T0,1090665,1091903,1238
MGG_11279,MGG_11279T0,2543195,2545948,2753
MGG_15310,MGG_15310T0,6825662,6827566,1904
MGG_17526,MGG_17526T0,4026980,4027501,521
MGG_00811,MGG_00811T0,1528958,1531084,2126
MGG_16985,MGG_16985T0,6556354,6556816,462
MGG_07642,MGG_07642T0,1306221,1307519,1298
MGG_04050,MGG_04050T0,2121814,2123567,1753
MGG_03637,MGG_03637T0,1171790,1177386,5596
MGG_10505,MGG_10505T0,4637655,4638948,1293
MGG_00096,MGG_00096T0,4149210,4151088,1878
MGG_09512,MGG_09512T0,3429251,3431109,1858
MGG_03184,MGG_03184T0,2782297,2784328,2031
MGG_07791,MGG_07791T0,5773988,5774653,665
MGG_08199,MGG_08199T0,6033677,6038963,5286
MGG_13797,MGG_13797T0,7126844,7127250,406
MGG_09147,MGG_09147T0,295827,296873,1046
MGG_09533,MGG_09533T0,3349955,3353108,3153
MGG_03349,MGG_03349T0,2181439,2183287,1848
MGG_07910,MGG_07910T0,6225225,6227389,2164
MGG_00793,MGG_00793T0,1603790,1604212,422
MGG_02374,MGG_02374T0,1583769,1586067,2298
MGG_06120,MGG_06120T0,2636470,2645180,8710
MGG_00860,MGG_00860T0,1351107,1352219,1112
MGG_11193,MGG_11193T0,3835427,3837315,1888
MGG_16070,MGG_16070T0,1046395,1047510,1115
MGG_13927,MGG_13927T0,6412748,6414575,1827
MGG_16717,MGG_16717T0,1999273,1999670,397
MGG_09329,MGG_09329T0,3661346,3662423,1077
MGG_08069,MGG_08069T0,5588837,5590313,1476
MGG_17807,MGG_17807T0,3623349,3624245,896
MGG_05031,MGG_05031T0,4357497,4360111,2614
MGG_09103,MGG_09103T0,178078,180754,2676
MGG_13604,MGG_13604T0,4885403,4886140,737
MGG_05297,MGG_05297T0,5317892,5318644,752
MGG_07938,MGG_07938T0,6302020,6303040,1020
MGG_04045,MGG_04045T0,2131908,2135141,3233
MGG_00535,MGG_00535T0,2566599,2570242,3643
MGG_04821,MGG_04821T0,1491463,1494338,2875
MGG_06621,MGG_06621T0,3073362,3074211,849
MGG_16364,MGG_16364T0,5266926,5267652,726
MGG_13186,MGG_13186T0,2896756,2899528,2772
MGG_02556,MGG_02556T0,2388447,2388989,542
MGG_04496,MGG_04496T0,7304036,7305116,1080
MGG_03110,MGG_03110T0,279006,280733,1727
MGG_04308,MGG_04308T0,1228527,1228744,217
MGG_15208,MGG_15208T0,998010,998594,584
MGG_01014,MGG_01014T0,818444,822768,4324
MGG_15288,MGG_15288T0,971513,974054,2541
MGG_07444,MGG_07444T0,661943,664407,2464
MGG_00053,MGG_00053T0,4282254,4284691,2437
MGG_06373,MGG_06373T0,3975428,3977374,1946
MGG_00809,MGG_00809T0,1533188,1537233,4045
MGG_00241,MGG_00241T0,3548461,3555648,7187
MGG_03385,MGG_03385T0,2064035,2065141,1106
MGG_04759,MGG_04759T0,1382223,1386287,4064
MGG_02658,MGG_02658T0,2009683,2012317,2634
MGG_01169,MGG_01169T0,2495306,2497442,2136
MGG_14329,MGG_14329T0,6499302,6503651,4349
MGG_17076,MGG_17076T0,1509604,1510096,492
MGG_02113,MGG_02113T0,591953,593049,1096
MGG_16124,MGG_16124T0,1777891,1778693,802
MGG_12421,MGG_12421T0,7416047,7418542,2495
MGG_08757,MGG_08757T0,234350,238083,3733
MGG_00611,MGG_00611T0,2290616,2292257,1641
MGG_05687,MGG_05687T0,6121062,6126216,5154
MGG_03608,MGG_03608T0,1276798,1278737,1939
MGG_12026,MGG_12026T0,3367515,3367829,314
MGG_16133,MGG_16133T0,2083705,2085572,1867
MGG_03671,MGG_03671T0,1066996,1068160,1164
MGG_08653,MGG_08653T0,7687992,7690053,2061
MGG_01621,MGG_01621T0,4225483,4226706,1223
MGG_17707,MGG_17707T0,2181257,2186692,5435
MGG_00725,MGG_00725T0,1870332,1872975,2643
MGG_16866,MGG_16866T0,4583310,4584965,1655
MGG_08405,MGG_08405T0,7542415,7543916,1501
MGG_06761,MGG_06761T0,2628619,2631809,3190
MGG_09636,MGG_09636T0,3129522,3131400,1878
MGG_09127,MGG_09127T0,107196,107837,641
MGG_03716,MGG_03716T0,927672,931661,3989
MGG_17635,MGG_17635T0,1232245,1232871,626
MGG_15597,MGG_15597T0,1883623,1883961,338
MGG_00226,MGG_00226T0,3599292,3601973,2681
MGG_02202,MGG_02202T0,927376,928384,1008
MGG_05622,MGG_05622T0,5879689,5882211,2522
MGG_00891,MGG_00891T0,1224024,1226602,2578
MGG_15821,MGG_15821T0,5757930,5758215,285
MGG_01121,MGG_01121T0,458726,460231,1505
MGG_06570,MGG_06570T0,3236048,3239350,3302
MGG_02257,MGG_02257T0,1167869,1169155,1286
MGG_16976,MGG_16976T0,6411339,6411824,485
MGG_08345,MGG_08345T0,7759204,7763538,4334
MGG_12584,MGG_12584T0,1280831,1282368,1537
MGG_06945,MGG_06945T0,3330282,3334097,3815
MGG_15046,MGG_15046T0,82878,83595,717
MGG_13670,MGG_13670T0,156598,157205,607
MGG_15793,MGG_15793T0,5289802,5290260,458
MGG_00645,MGG_00645T0,2144509,2146919,2410
MGG_02712,MGG_02712T0,1781594,1783796,2202
MGG_04041,MGG_04041T0,2146034,2146964,930
MGG_15881,MGG_15881T0,6825102,6825518,416
MGG_00291,MGG_00291T0,3388111,3394246,6135
MGG_03521,MGG_03521T0,1605784,1608803,3019
MGG_01691,MGG_01691T0,4470923,4474680,3757
MGG_15229,MGG_15229T0,2608363,2610062,1699
MGG_08179,MGG_08179T0,5961507,5964121,2614
MGG_15839,MGG_15839T0,6108141,6108698,557
MGG_17892,MGG_17892T0,664442,665946,1504
MGG_10514,MGG_10514T0,4678764,4680726,1962
MGG_10680,MGG_10680T0,74745,76237,1492
MGG_06125,MGG_06125T0,2655841,2657728,1887
MGG_14053,MGG_14053T0,3242799,3243129,330
MGG_17066,MGG_17066T0,1322910,1323672,762
MGG_04672,MGG_04672T0,1222251,1224336,2085
MGG_01245,MGG_01245T0,2829565,2831792,2227
MGG_02970,MGG_02970T0,804595,806936,2341
MGG_09945,MGG_09945T0,4439240,4441827,2587
MGG_04986,MGG_04986T0,4169885,4171484,1599
MGG_03435,MGG_03435T0,1872000,1875298,3298
MGG_00970,MGG_00970T0,968985,970640,1655
MGG_17518,MGG_17518T0,3830626,3831099,473
MGG_02875,MGG_02875T0,1187791,1194259,6468
MGG_17382,MGG_17382T0,1850506,1850933,427
MGG_07615,MGG_07615T0,1220841,1221569,728
MGG_01964,MGG_01964T0,60952,61425,473
MGG_06729,MGG_06729T0,2526274,2529237,2963
MGG_03830,MGG_03830T0,2902815,2904673,1858
MGG_03535,MGG_03535T0,1560238,1563356,3118
MGG_02884,MGG_02884T0,1150200,1152279,2079
MGG_02715,MGG_02715T0,1773136,1774754,1618
MGG_02649,MGG_02649T0,2065616,2069238,3622
MGG_15758,MGG_15758T0,4544223,4545102,879
MGG_15572,MGG_15572T0,1432016,1432666,650
MGG_10011,MGG_10011T0,4944390,4951538,7148
MGG_15564,MGG_15564T0,1305341,1306122,781
MGG_16259,MGG_16259T0,3946693,3949369,2676
MGG_02101,MGG_02101T0,569238,570870,1632
MGG_00160,MGG_00160T0,3905698,3908367,2669
MGG_05161,MGG_05161T0,4800336,4802488,2152
MGG_00340,MGG_00340T0,3200920,3201911,991
MGG_14861,MGG_14861T0,3153957,3154783,826
MGG_02733,MGG_02733T0,1708383,1710424,2041
MGG_15270,MGG_15270T0,6605802,6606456,654
MGG_03701,MGG_03701T0,975583,978846,3263
MGG_02829,MGG_02829T0,1363141,1366887,3746
MGG_08074,MGG_08074T0,5605500,5608025,2525
MGG_16012,MGG_16012T0,355367,356151,784
MGG_03829,MGG_03829T0,2904817,2905916,1099
MGG_06543,MGG_06543T0,3340051,3341309,1258
MGG_09190,MGG_09190T0,3678990,3683856,4866
MGG_15429,MGG_15429T0,4103554,4106427,2873
MGG_14725,MGG_14725T0,4481942,4482343,401
MGG_01590,MGG_01590T0,4111622,4114307,2685
MGG_09526,MGG_09526T0,3371985,3373821,1836
MGG_14194,MGG_14194T0,182158,182673,515
MGG_12897,MGG_12897T0,5193761,5195076,1315
MGG_08093,MGG_08093T0,5677331,5681656,4325
MGG_09716,MGG_09716T0,5405543,5407723,2180
MGG_10328,MGG_10328T0,89707,91468,1761
MGG_17409,MGG_17409T0,2251024,2251355,331
MGG_06071,MGG_06071T0,2478551,2479613,1062
MGG_07223,MGG_07223T0,6861750,6862887,1137
MGG_12091,MGG_12091T0,2682356,2683618,1262
MGG_15886,MGG_15886T0,6915039,6916651,1612
MGG_04654,MGG_04654T0,1160994,1162325,1331
MGG_06835,MGG_06835T0,2932106,2932877,771
MGG_14775,MGG_14775T0,3068465,3072717,4252
MGG_00977,MGG_00977T0,947089,948529,1440
MGG_01700,MGG_01700T0,4507889,4510230,2341
MGG_06040,MGG_06040T0,2366026,2367764,1738
MGG_16599,MGG_16599T0,286981,287443,462
MGG_02851,MGG_02851T0,1276448,1278453,2005
MGG_02081,MGG_02081T0,506857,508760,1903
MGG_17785,MGG_17785T0,3361760,3362314,554
MGG_16268,MGG_16268T0,4064047,4064663,616
MGG_02722,MGG_02722T0,1744410,1746399,1989
MGG_17879,MGG_17879T0,514386,514926,540
MGG_07457,MGG_07457T0,700945,704665,3720
MGG_17628,MGG_17628T0,1052718,1053305,587
MGG_15014,MGG_15014T0,1794456,1796309,1853
MGG_04545,MGG_04545T0,7264921,7267125,2204
MGG_02121,MGG_02121T0,626618,627754,1136
MGG_05845,MGG_05845T0,1695066,1696934,1868
MGG_10547,MGG_10547T0,4812259,4815171,2912
MGG_11724,MGG_11724T0,4289847,4292189,2342
MGG_11495,MGG_11495T0,1650777,1652923,2146
MGG_03030,MGG_03030T0,585154,587099,1945
MGG_11300,MGG_11300T0,2226818,2227290,472
MGG_05505,MGG_05505T0,5456215,5458212,1997
MGG_17244,MGG_17244T0,4894762,4895266,504
MGG_16058,MGG_16058T0,923725,924448,723
MGG_01816,MGG_01816T0,4941845,4947552,5707
MGG_08761,MGG_08761T0,214594,217595,3001
MGG_04743,MGG_04743T0,1354762,1357318,2556
MGG_11025,MGG_11025T0,838220,842923,4703
MGG_05631,MGG_05631T0,5910725,5913371,2646
MGG_08915,MGG_08915T0,2099112,2101531,2419
MGG_13647,MGG_13647T0,5267153,5268913,1760
MGG_12926,MGG_12926T0,4828672,4831422,2750
MGG_04230,MGG_04230T0,1484435,1486103,1668
MGG_07516,MGG_07516T0,893113,895536,2423
MGG_11270,MGG_11270T0,2619904,2622511,2607
MGG_10732,MGG_10732T0,110055,110485,430
MGG_05597,MGG_05597T0,5791762,5793106,1344
MGG_10006,MGG_10006T0,4972018,4972902,884
MGG_16192,MGG_16192T0,3008139,3009139,1000
MGG_15956,MGG_15956T0,7967021,7967764,743
MGG_01720,MGG_01720T0,4566081,4568967,2886
MGG_06059,MGG_06059T0,2420755,2422948,2193
MGG_01143,MGG_01143T0,348188,350035,1847
MGG_05364,MGG_05364T0,4959442,4960933,1491
MGG_17199,MGG_17199T0,4297615,4298105,490
MGG_05255,MGG_05255T0,5164831,5167276,2445
MGG_17461,MGG_17461T0,2963330,2963565,235
MGG_15578,MGG_15578T0,1530577,1531162,585
MGG_17697,MGG_17697T0,2079949,2086342,6393
MGG_16174,MGG_16174T0,2829260,2829876,616
MGG_12479,MGG_12479T0,8019471,8021427,1956
MGG_04136,MGG_04136T0,1832853,1833886,1033
MGG_05262,MGG_05262T0,5196495,5206196,9701
MGG_17995,MGG_17995T0,1934190,1934659,469
MGG_03412,MGG_03412T0,1958568,1960274,1706
MGG_08836,MGG_08836T0,1815115,1816135,1020
MGG_04961,MGG_04961T0,4077631,4080841,3210
MGG_04179,MGG_04179T0,1691142,1694182,3040
MGG_01431,MGG_01431T0,3501429,3503077,1648
MGG_15495,MGG_15495T0,94698,95731,1033
MGG_15011,MGG_15011T0,1607456,1609705,2249
MGG_07768,MGG_07768T0,5681025,5686846,5821
MGG_16920,MGG_16920T0,5643156,5644677,1521
MGG_14930,MGG_14930T0,3720418,3722012,1594
MGG_12758,MGG_12758T0,2747160,2749897,2737
MGG_05123,MGG_05123T0,4670562,4672395,1833
MGG_14615,MGG_14615T0,226348,227599,1251
MGG_04771,MGG_04771T0,1403703,1406494,2791
MGG_01600,MGG_01600T0,4149321,4151155,1834
MGG_00648,MGG_00648T0,2137632,2139054,1422
MGG_04140,MGG_04140T0,1824884,1827943,3059
MGG_08552,MGG_08552T0,628650,629544,894
MGG_06463,MGG_06463T0,3648668,3651401,2733
MGG_07119,MGG_07119T0,6430852,6432211,1359
MGG_09896,MGG_09896T0,4255189,4257913,2724
MGG_07617,MGG_07617T0,1229132,1230739,1607
MGG_15129,MGG_15129T0,4699927,4701824,1897
MGG_10221,MGG_10221T0,531703,532770,1067
MGG_09362,MGG_09362T0,3551985,3552308,323
MGG_07469,MGG_07469T0,749450,750764,1314
MGG_17113,MGG_17113T0,2220695,2221802,1107
MGG_12323,MGG_12323T0,6123285,6123531,246
MGG_16726,MGG_16726T0,2138920,2140502,1582
MGG_01640,MGG_01640T0,4299351,4300250,899
MGG_03991,MGG_03991T0,2310014,2314130,4116
MGG_16101,MGG_16101T0,1448370,1448708,338
MGG_04188,MGG_04188T0,1658453,1662194,3741
MGG_09562,MGG_09562T0,3263175,3266773,3598
MGG_05228,MGG_05228T0,5067322,5069195,1873
MGG_05752,MGG_05752T0,6398416,6399111,695
MGG_08745,MGG_08745T0,279663,282165,2502
MGG_16551,MGG_16551T0,7803023,7803844,821
MGG_02525,MGG_02525T0,2204617,2206594,1977
MGG_01301,MGG_01301T0,3034621,3036802,2181
MGG_16474,MGG_16474T0,6520693,6521376,683
MGG_05887,MGG_05887T0,1835312,1836311,999
MGG_07358,MGG_07358T0,7375482,7378345,2863
MGG_01932,MGG_01932T0,619099,620537,1438
MGG_03462,MGG_03462T0,1780744,1785018,4274
MGG_03051,MGG_03051T0,491454,494769,3315
MGG_09904,MGG_09904T0,4285858,4289275,3417
MGG_06854,MGG_06854T0,2996660,2999678,3018
MGG_01759,MGG_01759T0,4729118,4732419,3301
MGG_14945,MGG_14945T0,3176285,3182911,6626
MGG_13625,MGG_13625T0,5051988,5053360,1372
MGG_09607,MGG_09607T0,3245074,3246717,1643
MGG_09413,MGG_09413T0,3361408,3365208,3800
MGG_10876,MGG_10876T0,760612,763533,2921
MGG_04589,MGG_04589T0,1046235,1053422,7187
MGG_16859,MGG_16859T0,4525171,4525485,314
MGG_08163,MGG_08163T0,5910472,5911012,540
MGG_16034,MGG_16034T0,584016,585372,1356
MGG_15290,MGG_15290T0,894125,896959,2834
MGG_04147,MGG_04147T0,1802181,1802779,598
MGG_00039,MGG_00039T0,4340656,4343659,3003
MGG_16957,MGG_16957T0,6154279,6154552,273
MGG_18053,MGG_18053T0,2816411,2816934,523
MGG_07920,MGG_07920T0,6251025,6253035,2010
MGG_10847,MGG_10847T0,6537132,6539228,2096
MGG_01990,MGG_01990T0,160194,161785,1591
MGG_07915,MGG_07915T0,6237100,6239158,2058
MGG_15391,MGG_15391T0,3299480,3300148,668
MGG_05190,MGG_05190T0,4897386,4902345,4959
MGG_06559,MGG_06559T0,3297134,3300429,3295
MGG_16203,MGG_16203T0,3147745,3152285,4540
MGG_00637,MGG_00637T0,2165620,2168074,2454
MGG_06770,MGG_06770T0,2677695,2679077,1382
MGG_05278,MGG_05278T0,5247874,5250421,2547
MGG_04719,MGG_04719T0,6871257,6873177,1920
MGG_05180,MGG_05180T0,4855572,4856732,1160
MGG_05514,MGG_05514T0,5479386,5481064,1678
MGG_15228,MGG_15228T0,2848380,2848733,353
MGG_00016,MGG_00016T0,4429065,4430803,1738
MGG_15609,MGG_15609T0,2125340,2127586,2246
MGG_08833,MGG_08833T0,1808719,1810692,1973
MGG_01838,MGG_01838T0,5052446,5054668,2222
MGG_15936,MGG_15936T0,7751652,7753112,1460
MGG_13742,MGG_13742T0,935410,936255,845
MGG_01481,MGG_01481T0,3724000,3725785,1785
MGG_14859,MGG_14859T0,3305343,3307253,1910
MGG_11991,MGG_11991T0,1122080,1122538,458
MGG_16178,MGG_16178T0,2873949,2874686,737
MGG_01839,MGG_01839T0,5054859,5056980,2121
MGG_01073,MGG_01073T0,603219,606733,3514
MGG_13119,MGG_13119T0,5676286,5679499,3213
MGG_02573,MGG_02573T0,2339585,2341949,2364
MGG_00514,MGG_00514T0,2626724,2629894,3170
MGG_07551,MGG_07551T0,994317,996258,1941
MGG_04851,MGG_04851T0,3713174,3714352,1178
MGG_10618,MGG_10618T0,6541243,6542417,1174
MGG_15797,MGG_15797T0,5327306,5327699,393
MGG_11490,MGG_11490T0,1567534,1571641,4107
MGG_15234,MGG_15234T0,2072488,2077432,4944
MGG_03600,MGG_03600T0,1314779,1317057,2278
MGG_02840,MGG_02840T0,1313024,1315469,2445
MGG_06104,MGG_06104T0,2594542,2598250,3708
MGG_16322,MGG_16322T0,4789610,4790020,410
MGG_01782,MGG_01782T0,4813980,4817058,3078
MGG_07854,MGG_07854T0,6033357,6034144,787
MGG_07029,MGG_07029T0,6148556,6149278,722
MGG_10144,MGG_10144T0,776674,777510,836
MGG_16181,MGG_16181T0,2890890,2895829,4939
MGG_16836,MGG_16836T0,4054247,4055200,953
MGG_13576,MGG_13576T0,4596603,4599438,2835
MGG_03318,MGG_03318T0,2286102,2287358,1256
MGG_00813,MGG_00813T0,1519572,1520993,1421
MGG_02058,MGG_02058T0,423459,425367,1908
MGG_00666,MGG_00666T0,2087827,2089023,1196
MGG_15101,MGG_15101T0,7724099,7724488,389
MGG_03575,MGG_03575T0,1406756,1407127,371
MGG_03556,MGG_03556T0,1479465,1480631,1166
MGG_03073,MGG_03073T0,386254,387567,1313
MGG_04419,MGG_04419T0,7437668,7439432,1764
MGG_14729,MGG_14729T0,470144,471415,1271
MGG_02616,MGG_02616T0,2188353,2190770,2417
MGG_14264,MGG_14264T0,7578503,7580664,2161
MGG_06354,MGG_06354T0,4053169,4054621,1452
MGG_06776,MGG_06776T0,2696643,2704726,8083
MGG_04736,MGG_04736T0,6837731,6838642,911
MGG_03738,MGG_03738T0,866497,869562,3065
MGG_09650,MGG_09650T0,3078656,3079171,515
MGG_08971,MGG_08971T0,2331152,2332099,947
MGG_17663,MGG_17663T0,1402461,1403788,1327
MGG_06314,MGG_06314T0,4197097,4201353,4256
MGG_12691,MGG_12691T0,2657552,2658584,1032
MGG_10358,MGG_10358T0,852601,854785,2184
MGG_04925,MGG_04925T0,3973725,3974321,596
MGG_04915,MGG_04915T0,3945069,3946793,1724
MGG_08885,MGG_08885T0,1986178,1987673,1495
MGG_06365,MGG_06365T0,4000417,4001688,1271
MGG_12560,MGG_12560T0,972212,973537,1325
MGG_17359,MGG_17359T0,1380115,1380633,518
MGG_04668,MGG_04668T0,1211940,1213606,1666
MGG_16043,MGG_16043T0,726972,727619,647
MGG_04229,MGG_04229T0,1486566,1488385,1819
MGG_06041,MGG_06041T0,2368093,2372593,4500
MGG_09959,MGG_09959T0,4503939,4505417,1478
MGG_00221,MGG_00221T0,3612557,3614157,1600
MGG_06186,MGG_06186T0,2860546,2863089,2543
MGG_16572,MGG_16572T0,7928043,7929099,1056
MGG_11179,MGG_11179T0,4155687,4155980,293
MGG_09914,MGG_09914T0,4320469,4322831,2362
MGG_10298,MGG_10298T0,204088,206444,2356
MGG_16988,MGG_16988T0,6564493,6564955,462
MGG_15165,MGG_15165T0,6330082,6331011,929
MGG_15884,MGG_15884T0,6908786,6909798,1012
MGG_15574,MGG_15574T0,1449204,1451789,2585
MGG_07618,MGG_07618T0,1231178,1233346,2168
MGG_18055,MGG_18055T0,2847592,2847924,332
MGG_14352,MGG_14352T0,257953,258516,563
MGG_04548,MGG_04548T0,7246280,7248442,2162
MGG_12094,MGG_12094T0,2621067,2623769,2702
MGG_08600,MGG_08600T0,824806,825947,1141
MGG_10273,MGG_10273T0,219342,220598,1256
MGG_15421,MGG_15421T0,3875785,3877344,1559
MGG_05232,MGG_05232T0,5079208,5080406,1198
MGG_18006,MGG_18006T0,2090580,2092997,2417
MGG_17190,MGG_17190T0,4058788,4059345,557
MGG_07719,MGG_07719T0,5520486,5521732,1246
MGG_15424,MGG_15424T0,4004429,4005097,668
MGG_02410,MGG_02410T0,1753495,1755243,1748
MGG_16511,MGG_16511T0,7119432,7119951,519
MGG_16265,MGG_16265T0,4057960,4058280,320
MGG_06720,MGG_06720T0,2505298,2507870,2572
MGG_17139,MGG_17139T0,2917041,2917584,543
MGG_08381,MGG_08381T0,7627558,7628721,1163
MGG_16578,MGG_16578T0,7968217,7968730,513
MGG_05658,MGG_05658T0,6004091,6007018,2927
MGG_04541,MGG_04541T0,972292,978102,5810
MGG_02614,MGG_02614T0,2193057,2193992,935
MGG_02157,MGG_02157T0,753941,755657,1716
MGG_09772,MGG_09772T0,5223355,5225266,1911
MGG_06610,MGG_06610T0,3102718,3104391,1673
MGG_02238,MGG_02238T0,1101680,1102334,654
MGG_10067,MGG_10067T0,4749407,4750375,968
MGG_10449,MGG_10449T0,279440,281357,1917
MGG_17696,MGG_17696T0,2076509,2080011,3502
MGG_13915,MGG_13915T0,6282268,6284880,2612
MGG_07435,MGG_07435T0,618081,619710,1629
MGG_17847,MGG_17847T0,19914,22192,2278
MGG_10860,MGG_10860T0,6489031,6491316,2285
MGG_03451,MGG_03451T0,1813450,1817180,3730
MGG_07330,MGG_07330T0,7280293,7281026,733
MGG_16304,MGG_16304T0,4522025,4522273,248
MGG_03507,MGG_03507T0,1659008,1659924,916
MGG_18099,MGG_18099T0,15198,16491,1293
MGG_16220,MGG_16220T0,3339625,3341942,2317
MGG_01982,MGG_01982T0,125891,129839,3948
MGG_05129,MGG_05129T0,4691282,4698886,7604
MGG_01401,MGG_01401T0,3407439,3408813,1374
MGG_07674,MGG_07674T0,1479279,1481680,2401
MGG_14932,MGG_14932T0,2643494,2643878,384
MGG_16626,MGG_16626T0,595208,595778,570
MGG_13275,MGG_13275T0,1917339,1918739,1400
MGG_04509,MGG_04509T0,7275984,7277387,1403
MGG_01933,MGG_01933T0,617408,618991,1583
MGG_04371,MGG_04371T0,658514,661100,2586
MGG_08781,MGG_08781T0,137053,137619,566
MGG_14860,MGG_14860T0,3302773,3305071,2298
MGG_06626,MGG_06626T0,3060282,3062525,2243
MGG_08895,MGG_08895T0,2026907,2028824,1917
MGG_16518,MGG_16518T0,7256322,7256763,441
MGG_10656,MGG_10656T0,4558077,4559906,1829
MGG_03550,MGG_03550T0,1491861,1493531,1670
MGG_12936,MGG_12936T0,4712421,4713722,1301
MGG_14702,MGG_14702T0,3314178,3315528,1350
MGG_06913,MGG_06913T0,3229126,3231633,2507
MGG_16986,MGG_16986T0,6562724,6563186,462
MGG_10941,MGG_10941T0,6583066,6586719,3653
MGG_12633,MGG_12633T0,2038654,2041342,2688
MGG_05678,MGG_05678T0,6093368,6096787,3419
MGG_04442,MGG_04442T0,818101,820527,2426
MGG_10196,MGG_10196T0,1723591,1728074,4483
MGG_16649,MGG_16649T0,842545,845631,3086
MGG_05679,MGG_05679T0,6096934,6097604,670
MGG_17947,MGG_17947T0,1219582,1220380,798
MGG_02913,MGG_02913T0,1053126,1057923,4797
MGG_02746,MGG_02746T0,1679199,1682223,3024
MGG_15914,MGG_15914T0,7435992,7436808,816
MGG_06553,MGG_06553T0,3313984,3315527,1543
MGG_11252,MGG_11252T0,2838551,2840815,2264
MGG_03713,MGG_03713T0,938125,939657,1532
MGG_03228,MGG_03228T0,2622718,2626427,3709
MGG_06108,MGG_06108T0,2604433,2605950,1517
MGG_17653,MGG_17653T0,1336945,1337485,540
MGG_02207,MGG_02207T0,943863,944246,383
MGG_17048,MGG_17048T0,799039,799708,669
MGG_01475,MGG_01475T0,3699429,3701377,1948
MGG_04888,MGG_04888T0,3844965,3847338,2373
MGG_01170,MGG_01170T0,2499292,2500065,773
MGG_06077,MGG_06077T0,2499048,2500963,1915
MGG_06280,MGG_06280T0,4307352,4310323,2971
MGG_15665,MGG_15665T0,2982549,2983009,460
MGG_04327,MGG_04327T0,1161247,1167071,5824
MGG_06335,MGG_06335T0,4115786,4119532,3746
MGG_01018,MGG_01018T0,800598,803909,3311
MGG_16902,MGG_16902T0,5285345,5286703,1358
MGG_01868,MGG_01868T0,5156977,5159706,2729
MGG_15898,MGG_15898T0,7147325,7147728,403
MGG_04605,MGG_04605T0,1076283,1078527,2244
MGG_14592,MGG_14592T0,1260130,1260648,518
MGG_09619,MGG_09619T0,3196450,3197595,1145
MGG_17948,MGG_17948T0,1226072,1226845,773
MGG_03971,MGG_03971T0,2376480,2378149,1669
MGG_03295,MGG_03295T0,2358637,2362008,3371
MGG_02880,MGG_02880T0,1165855,1170786,4931
MGG_01916,MGG_01916T0,658162,659859,1697
MGG_00111,MGG_00111T0,4099182,4104366,5184
MGG_17329,MGG_17329T0,834815,836000,1185
MGG_00518,MGG_00518T0,2618714,2620458,1744
MGG_06372,MGG_06372T0,3978588,3982676,4088
MGG_01516,MGG_01516T0,3876114,3879577,3463
MGG_10407,MGG_10407T0,967077,968869,1792
MGG_16915,MGG_16915T0,5600061,5605079,5018
MGG_03850,MGG_03850T0,2823301,2830782,7481
MGG_02458,MGG_02458T0,1952373,1953457,1084
MGG_14596,MGG_14596T0,1094393,1096696,2303
MGG_01326,MGG_01326T0,3106198,3110069,3871
MGG_04481,MGG_04481T0,7346976,7348767,1791
MGG_09010,MGG_09010T0,2712808,2715473,2665
MGG_13236,MGG_13236T0,2278742,2279060,318
MGG_00850,MGG_00850T0,1397682,1403575,5893
MGG_00283,MGG_00283T0,3423331,3424264,933
MGG_15340,MGG_15340T0,5417883,5419157,1274
MGG_14042,MGG_14042T0,3123622,3129414,5792
MGG_02424,MGG_02424T0,1801090,1802532,1442
MGG_05633,MGG_05633T0,5915923,5917699,1776
MGG_09255,MGG_09255T0,3937563,3944032,6469
MGG_06567,MGG_06567T0,3246313,3248503,2190
MGG_15939,MGG_15939T0,7785866,7786548,682
MGG_16817,MGG_16817T0,3727473,3727956,483
MGG_04864,MGG_04864T0,3766781,3768520,1739
MGG_16040,MGG_16040T0,697918,698191,273
MGG_04474,MGG_04474T0,7378035,7380963,2928
MGG_16149,MGG_16149T0,2303105,2305212,2107
MGG_08695,MGG_08695T0,435678,437288,1610
MGG_04393,MGG_04393T0,7494287,7495213,926
MGG_08111,MGG_08111T0,5723471,5725389,1918
MGG_17393,MGG_17393T0,1966723,1967447,724
MGG_06535,MGG_06535T0,3373274,3374833,1559
MGG_00838,MGG_00838T0,1446027,1446854,827
MGG_10844,MGG_10844T0,491272,492382,1110
MGG_17605,MGG_17605T0,773973,774549,576
MGG_04918,MGG_04918T0,3954004,3955250,1246
MGG_14784,MGG_14784T0,3728040,3730438,2398
MGG_17608,MGG_17608T0,790273,790898,625
MGG_14956,MGG_14956T0,3702171,3704515,2344
MGG_11861,MGG_11861T0,2707512,2709952,2440
MGG_07722,MGG_07722T0,5529384,5531149,1765
MGG_16739,MGG_16739T0,2293034,2294601,1567
MGG_01853,MGG_01853T0,5103061,5105810,2749
MGG_05857,MGG_05857T0,1742145,1744953,2808
MGG_04454,MGG_04454T0,846023,847309,1286
MGG_07209,MGG_07209T0,6779209,6780666,1457
MGG_02001,MGG_02001T0,191710,193646,1936
MGG_04733,MGG_04733T0,6842461,6844832,2371
MGG_05991,MGG_05991T0,2208420,2212608,4188
MGG_08487,MGG_08487T0,398877,400563,1686
MGG_12793,MGG_12793T0,3217754,3219036,1282
MGG_01543,MGG_01543T0,3959853,3961858,2005
MGG_16974,MGG_16974T0,6363506,6363808,302
MGG_15073,MGG_15073T0,6255113,6255991,878
MGG_14632,MGG_14632T0,297159,297948,789
MGG_14953,MGG_14953T0,3645774,3647830,2056
MGG_12111,MGG_12111T0,2452382,2457108,4726
MGG_06721,MGG_06721T0,2508338,2509584,1246
MGG_17144,MGG_17144T0,3015124,3015662,538
MGG_03205,MGG_03205T0,2699771,2702594,2823
MGG_16539,MGG_16539T0,7550152,7550958,806
MGG_03417,MGG_03417T0,1940967,1942221,1254
MGG_04161,MGG_04161T0,1762730,1764566,1836
MGG_00450,MGG_00450T0,2854756,2858986,4230
MGG_18085,MGG_18085T0,3183553,3184015,462
MGG_02627,MGG_02627T0,2137834,2140628,2794
MGG_15602,MGG_15602T0,1996128,1997190,1062
MGG_13376,MGG_13376T0,518948,521067,2119
MGG_00413,MGG_00413T0,2965384,2967996,2612
MGG_07151,MGG_07151T0,6557992,6562212,4220
MGG_12116,MGG_12116T0,2395316,2397005,1689
MGG_02446,MGG_02446T0,1904008,1905763,1755
MGG_04324,MGG_04324T0,1179223,1182571,3348
MGG_17659,MGG_17659T0,1372330,1373124,794
MGG_15084,MGG_15084T0,6986745,6987586,841
MGG_02878,MGG_02878T0,1176679,1180664,3985
MGG_07431,MGG_07431T0,605911,609721,3810
MGG_09197,MGG_09197T0,3702884,3705451,2567
MGG_04819,MGG_04819T0,1483908,1487292,3384
MGG_00677,MGG_00677T0,2038981,2040383,1402
MGG_08486,MGG_08486T0,394413,396687,2274
MGG_14927,MGG_14927T0,3750229,3750626,397
MGG_14899,MGG_14899T0,1499842,1501721,1879
MGG_13016,MGG_13016T0,4850790,4852742,1952
MGG_06552,MGG_06552T0,3315791,3318189,2398
MGG_06421,MGG_06421T0,3800744,3803845,3101
MGG_01055,MGG_01055T0,663801,665426,1625
MGG_16890,MGG_16890T0,5059626,5059949,323
MGG_06469,MGG_06469T0,3623162,3627636,4474
MGG_01054,MGG_01054T0,664380,668223,3843
MGG_06165,MGG_06165T0,2805903,2807670,1767
MGG_14955,MGG_14955T0,3656898,3657938,1040
MGG_06713,MGG_06713T0,2491713,2493829,2116
MGG_12617,MGG_12617T0,1905969,1911155,5186
MGG_10241,MGG_10241T0,345757,347697,1940
EFMOG00000000001,EFMOT00000000001,2696067,2696184,117
EFMOG00000000002,EFMOT00000000002,5056574,5056645,71
EFMOG00000000003,EFMOT00000000003,2625460,2625531,71
EFMOG00000000004,EFMOT00000000004,2217585,2217697,112
EFMOG00000000005,EFMOT00000000005,2986594,2986697,103
EFMOG00000000006,EFMOT00000000006,3910392,3910507,115
EFMOG00000000007,EFMOT00000000007,5973946,5974061,115
EFMOG00000000008,EFMOT00000000008,2137452,2137567,115
EFMOG00000000009,EFMOT00000000009,5419992,5420074,82
EFMOG00000000010,EFMOT00000000010,3978100,3978171,71
EFMOG00000000011,EFMOT00000000011,3554803,3554874,71
EFMOG00000000012,EFMOT00000000012,2135002,2135106,104
EFMOG00000000013,EFMOT00000000013,3533287,3533358,71
EFMOG00000000014,EFMOT00000000014,2790935,2791006,71
EFMOG00000000015,EFMOT00000000015,702663,702734,71
EFMOG00000000016,EFMOT00000000016,4721389,4721490,101
EFMOG00000000017,EFMOT00000000017,4644054,4644141,87
EFMOG00000000018,EFMOT00000000018,1640168,1640239,71
EFMOG00000000019,EFMOT00000000019,2157319,2157414,95
EFMOG00000000020,EFMOT00000000020,846544,846628,84
EFMOG00000000021,EFMOT00000000021,2274985,2275056,71
EFMOG00000000022,EFMOT00000000022,1523978,1524063,85
EFMOG00000000023,EFMOT00000000023,5322946,5323035,89
EFMOG00000000024,EFMOT00000000024,2394131,2394202,71
EFMOG00000000025,EFMOT00000000025,3531499,3531600,101
EFMOG00000000026,EFMOT00000000026,1472566,1472681,115
EFMOG00000000027,EFMOT00000000027,2444137,2444252,115
EFMOG00000000028,EFMOT00000000028,2825828,2825931,103
EFMOG00000000029,EFMOT00000000029,6598444,6598577,133
EFMOG00000000030,EFMOT00000000030,2551516,2551651,135
EFMOG00000000031,EFMOT00000000031,2130296,2130411,115
EFMOG00000000032,EFMOT00000000032,7625035,7625106,71
EFMOG00000000033,EFMOT00000000033,2599812,2599883,71
EFMOG00000000034,EFMOT00000000034,726162,726247,85
EFMOG00000000035,EFMOT00000000035,2705179,2705273,94
EFMOG00000000036,EFMOT00000000036,3301182,3301270,88
EFMOG00000000037,EFMOT00000000037,1987188,1987270,82
EFMOG00000000038,EFMOT00000000038,1598882,1598997,115
EFMOG00000000039,EFMOT00000000039,5146348,5146440,92
EFMOG00000000040,EFMOT00000000040,4600842,4600912,70
EFMOG00000000041,EFMOT00000000041,4758390,4758477,87
EFMOG00000000042,EFMOT00000000042,7874040,7874111,71
EFMOG00000000043,EFMOT00000000043,1472340,1472455,115
EFMOG00000000044,EFMOT00000000044,319594,319677,83
EFMOG00000000045,EFMOT00000000045,39721,39792,71
EFMOG00000000046,EFMOT00000000046,2632783,2632921,138
EFMOG00000000047,EFMOT00000000047,610622,610737,115
EFMOG00000000048,EFMOT00000000048,536096,536167,71
EFMOG00000000049,EFMOT00000000049,5919669,5919740,71
EFMOG00000000050,EFMOT00000000050,5848239,5848310,71
EFMOG00000000051,EFMOT00000000051,5277511,5277582,71
EFMOG00000000052,EFMOT00000000052,2158836,2158951,115
EFMOG00000000053,EFMOT00000000053,5728992,5729074,82
EFMOG00000000054,EFMOT00000000054,3532762,3532862,100
EFMOG00000000055,EFMOT00000000055,145574,145645,71
EFMOG00000000056,EFMOT00000000056,2226432,2226627,195
EFMOG00000000057,EFMOT00000000057,1523530,1523614,84
EFMOG00000000058,EFMOT00000000058,2145724,2145871,147
EFMOG00000000059,EFMOT00000000059,3490765,3490836,71
EFMOG00000000060,EFMOT00000000060,6628427,6628498,71
EFMOG00000000061,EFMOT00000000061,209235,209306,71
EFMOG00000000062,EFMOT00000000062,3859211,3859283,72
EFMOG00000000063,EFMOT00000000063,4501661,4501732,71
EFMOG00000000064,EFMOT00000000064,16013,16084,71
EFMOG00000000065,EFMOT00000000065,957444,957515,71
EFMOG00000000066,EFMOT00000000066,749653,749753,100
EFMOG00000000067,EFMOT00000000067,444164,444235,71
EFMOG00000000068,EFMOT00000000068,2703146,2703217,71
EFMOG00000000069,EFMOT00000000069,5146463,5146557,94
EFMOG00000000070,EFMOT00000000070,1079968,1080056,88
EFMOG00000000071,EFMOT00000000071,4571081,4571178,97
EFMOG00000000072,EFMOT00000000072,60479,60550,71
EFMOG00000000073,EFMOT00000000073,5086921,5086992,71
EFMOG00000000074,EFMOT00000000074,6363284,6363355,71
EFMOG00000000075,EFMOT00000000075,1542982,1543053,71
EFMOG00000000076,EFMOT00000000076,321609,321680,71
EFMOG00000000077,EFMOT00000000077,6414985,6415069,84
EFMOG00000000078,EFMOT00000000078,955647,955718,71
EFMOG00000000079,EFMOT00000000079,78272,78343,71
EFMOG00000000080,EFMOT00000000080,2119699,2119781,82
EFMOG00000000081,EFMOT00000000081,1539455,1539526,71
EFMOG00000000082,EFMOT00000000082,4836038,4836149,111
EFMOG00000000083,EFMOT00000000083,4318432,4318503,71
EFMOG00000000084,EFMOT00000000084,2046356,2046444,88
EFMOG00000000085,EFMOT00000000085,4591694,4591765,71
EFMOG00000000086,EFMOT00000000086,354081,354152,71
EFMOG00000000087,EFMOT00000000087,589300,589391,91
EFMOG00000000088,EFMOT00000000088,5425147,5425218,71
EFMOG00000000089,EFMOT00000000089,2799395,2799486,91
EFMOG00000000090,EFMOT00000000090,1792159,1792274,115
EFMOG00000000091,EFMOT00000000091,2176456,2176540,84
EFMOG00000000092,EFMOT00000000092,2886105,2886193,88
EFMOG00000000093,EFMOT00000000093,8128710,8128781,71
EFMOG00000000094,EFMOT00000000094,348932,349035,103
EFMOG00000000095,EFMOT00000000095,3888458,3888529,71
EFMOG00000000096,EFMOT00000000096,5093885,5093967,82
EFMOG00000000097,EFMOT00000000097,4972858,4972929,71
EFMOG00000000098,EFMOT00000000098,2872348,2872419,71
EFMOG00000000099,EFMOT00000000099,1261152,1261233,81
EFMOG00000000100,EFMOT00000000100,2785332,2785403,71
EFMOG00000000101,EFMOT00000000101,2479030,2479130,100
EFMOG00000000102,EFMOT00000000102,232849,232920,71
EFMOG00000000103,EFMOT00000000103,5333039,5333110,71
EFMOG00000000104,EFMOT00000000104,4374626,4374697,71
EFMOG00000000105,EFMOT00000000105,2741791,2741923,132
EFMOG00000000106,EFMOT00000000106,583561,583632,71
EFMOG00000000107,EFMOT00000000107,4569974,4570045,71
EFMOG00000000108,EFMOT00000000108,5322515,5322616,101
EFMOG00000000109,EFMOT00000000109,3287254,3287373,119
EFMOG00000000110,EFMOT00000000110,667241,667352,111
EFMOG00000000111,EFMOT00000000111,1688474,1688545,71
EFMOG00000000112,EFMOT00000000112,3956777,3956880,103
EFMOG00000000113,EFMOT00000000113,7198203,7198285,82
EFMOG00000000114,EFMOT00000000114,1760697,1760820,123
EFMOG00000000115,EFMOT00000000115,659450,659557,107
EFMOG00000000116,EFMOT00000000116,3346950,3347069,119
EFMOG00000000117,EFMOT00000000117,3879642,3879739,97
EFMOG00000000118,EFMOT00000000118,4608697,4608812,115
EFMOG00000000119,EFMOT00000000119,5384582,5384653,71
EFMOG00000000120,EFMOT00000000120,267096,267167,71
EFMOG00000000121,EFMOT00000000121,1363424,1363539,115
EFMOG00000000122,EFMOT00000000122,2551440,2551511,71
EFMOG00000000123,EFMOT00000000123,1573800,1573934,134
EFMOG00000000124,EFMOT00000000124,2713916,2714011,95
EFMOG00000000125,EFMOT00000000125,5796724,5796795,71
EFMOG00000000126,EFMOT00000000126,5921778,5921893,115
EFMOG00000000127,EFMOT00000000127,761886,761957,71
EFMOG00000000128,EFMOT00000000128,6401618,6401718,100
EFMOG00000000129,EFMOT00000000129,5075057,5075142,85
EFMOG00000000130,EFMOT00000000130,3101381,3101452,71
EFMOG00000000131,EFMOT00000000131,430813,430884,71
EFMOG00000000132,EFMOT00000000132,3846261,3846356,95
EFMOG00000000133,EFMOT00000000133,4738128,4738212,84
EFMOG00000000134,EFMOT00000000134,41224,41295,71
EFMOG00000000135,EFMOT00000000135,2355519,2355815,296
EFMOG00000000136,EFMOT00000000136,923170,923241,71
EFMOG00000000137,EFMOT00000000137,3645548,3645619,71
EFMOG00000000138,EFMOT00000000138,1156440,1156525,85
EFMOG00000000139,EFMOT00000000139,1306929,1307039,110
EFMOG00000000140,EFMOT00000000140,3999571,3999642,71
EFMOG00000000141,EFMOT00000000141,4317289,4317360,71
EFMOG00000000142,EFMOT00000000142,2495930,2496045,115
EFMOG00000000143,EFMOT00000000143,4194602,4194710,108
EFMOG00000000144,EFMOT00000000144,31590,31661,71
EFMOG00000000145,EFMOT00000000145,3005974,3006089,115
EFMOG00000000146,EFMOT00000000146,2253457,2253572,115
EFMOG00000000147,EFMOT00000000147,997876,997947,71
EFMOG00000000148,EFMOT00000000148,3545116,3545188,72
EFMOG00000000149,EFMOT00000000149,2128410,2128499,89
EFMOG00000000150,EFMOT00000000150,7574616,7574687,71
EFMOG00000000151,EFMOT00000000151,1342909,1342991,82
EFMOG00000000152,EFMOT00000000152,1839899,1839996,97
EFMOG00000000153,EFMOT00000000153,2930889,2930960,71
EFMOG00000000154,EFMOT00000000154,1075719,1075819,100
EFMOG00000000155,EFMOT00000000155,5226141,5226245,104
EFMOG00000000156,EFMOT00000000156,788094,788209,115
EFMOG00000000157,EFMOT00000000157,2229118,2229228,110
EFMOG00000000158,EFMOT00000000158,7871618,7871689,71
EFMOG00000000159,EFMOT00000000159,78249,78338,89
EFMOG00000000160,EFMOT00000000160,4477683,4477754,71
EFMOG00000000161,EFMOT00000000161,5426249,5426344,95
EFMOG00000000162,EFMOT00000000162,4749337,4749425,88
EFMOG00000000163,EFMOT00000000163,7334521,7334592,71
EFMOG00000000164,EFMOT00000000164,3827373,3827483,110
EFMOG00000000165,EFMOT00000000165,5448043,5448114,71
EFMOG00000000166,EFMOT00000000166,5550210,5550281,71
EFMOG00000000167,EFMOT00000000167,725656,725738,82
EFMOG00000000168,EFMOT00000000168,2503936,2504007,71
EFMOG00000000169,EFMOT00000000169,6435279,6435363,84
EFMOG00000000170,EFMOT00000000170,971062,971133,71
EFMOG00000000171,EFMOT00000000171,2231807,2231880,73
EFMOG00000000172,EFMOT00000000172,2149296,2149382,86
EFMOG00000000173,EFMOT00000000173,278913,279001,88
EFMOG00000000174,EFMOT00000000174,3953870,3953977,107
EFMOG00000000175,EFMOT00000000175,5150352,5150436,84
EFMOG00000000176,EFMOT00000000176,5105752,5105839,87
EFMOG00000000177,EFMOT00000000177,1625520,1625609,89
EFMOG00000000178,EFMOT00000000178,4013919,4013990,71
EFMOG00000000179,EFMOT00000000179,568130,568224,94
EFMOG00000000180,EFMOT00000000180,316090,316161,71
EFMOG00000000181,EFMOT00000000181,3552297,3552368,71
EFMOG00000000182,EFMOT00000000182,4895618,4895731,113
EFMOG00000000183,EFMOT00000000183,6375636,6375707,71
EFMOG00000000184,EFMOT00000000184,309487,309558,71
EFMOG00000000185,EFMOT00000000185,2971155,2971431,276
EFMOG00000000186,EFMOT00000000186,148384,148472,88
EFMOG00000000187,EFMOT00000000187,3258554,3258645,91
EFMOG00000000188,EFMOT00000000188,1583020,1583135,115
EFMOG00000000189,EFMOT00000000189,7442455,7442537,82
EFMOG00000000190,EFMOT00000000190,7398596,7398680,84
EFMOG00000000191,EFMOT00000000191,7656575,7656646,71
EFMOG00000000192,EFMOT00000000192,3145542,3145613,71
EFMOG00000000193,EFMOT00000000193,3059451,3059541,90
EFMOG00000000194,EFMOT00000000194,7240078,7240165,87
EFMOG00000000195,EFMOT00000000195,548857,548929,72
EFMOG00000000196,EFMOT00000000196,4098792,4098876,84
EFMOG00000000197,EFMOT00000000197,992783,992854,71
EFMOG00000000198,EFMOT00000000198,1271063,1271134,71
EFMOG00000000199,EFMOT00000000199,91417,91488,71
EFMOG00000000200,EFMOT00000000200,3243010,3243109,99
EFMOG00000000201,EFMOT00000000201,5247383,5247454,71
EFMOG00000000202,EFMOT00000000202,2967195,2967283,88
EFMOG00000000203,EFMOT00000000203,5895709,5895780,71
EFMOG00000000204,EFMOT00000000204,7844289,7844360,71
EFMOG00000000205,EFMOT00000000205,1737499,1737598,99
EFMOG00000000206,EFMOT00000000206,2925308,2925379,71
EFMOG00000000207,EFMOT00000000207,498736,498807,71
EFMOG00000000208,EFMOT00000000208,768715,768803,88
EFMOG00000000209,EFMOT00000000209,7444346,7444446,100
EFMOG00000000210,EFMOT00000000210,6944326,6944407,81
EFMOG00000000211,EFMOT00000000211,4984063,4984134,71
EFMOG00000000212,EFMOT00000000212,3299402,3299517,115
EFMOG00000000213,EFMOT00000000213,7532876,7532947,71
EFMOG00000000214,EFMOT00000000214,3710511,3710595,84
EFMOG00000000215,EFMOT00000000215,2339107,2339198,91
EFMOG00000000216,EFMOT00000000216,725184,725273,89
EFMOG00000000217,EFMOT00000000217,2134904,2134999,95
EFMOG00000000218,EFMOT00000000218,2103473,2103556,83
EFMOG00000000219,EFMOT00000000219,6438743,6438852,109
EFMOG00000000220,EFMOT00000000220,7155747,7155818,71
EFMOG00000000221,EFMOT00000000221,5863488,5863584,96
EFMOG00000000222,EFMOT00000000222,1600798,1600869,71
EFMOG00000000223,EFMOT00000000223,5504310,5504410,100
EFMOG00000000224,EFMOT00000000224,1069258,1069329,71
EFMOG00000000225,EFMOT00000000225,3238542,3238627,85
EFMOG00000000226,EFMOT00000000226,1297875,1297946,71
EFMOG00000000227,EFMOT00000000227,494381,494452,71
EFMOG00000000228,EFMOT00000000228,3632345,3632416,71
EFMOG00000000229,EFMOT00000000229,2384503,2384581,78
EFMOG00000000230,EFMOT00000000230,4287731,4287834,103
EFMOG00000000231,EFMOT00000000231,3040229,3040361,132
EFMOG00000000232,EFMOT00000000232,6300560,6300643,83
EFMOG00000000233,EFMOT00000000233,1319994,1320109,115
EFMOG00000000234,EFMOT00000000234,2001207,2001322,115
EFMOG00000000235,EFMOT00000000235,2135207,2135322,115
EFMOG00000000236,EFMOT00000000236,3496614,3496685,71
EFMOG00000000237,EFMOT00000000237,568426,568530,104
EFMOG00000000238,EFMOT00000000238,2076639,2076754,115
EFMOG00000000239,EFMOT00000000239,5131779,5131894,115
EFMOG00000000240,EFMOT00000000240,576176,576247,71
EFMOG00000000241,EFMOT00000000241,8118221,8118292,71
EFMOG00000000242,EFMOT00000000242,5573149,5573342,193
EFMOG00000000243,EFMOT00000000243,1218973,1219044,71
EFMOG00000000244,EFMOT00000000244,7835476,7835547,71
EFMOG00000000245,EFMOT00000000245,3389986,3390057,71
EFMOG00000000246,EFMOT00000000246,443608,443679,71
EFMOG00000000247,EFMOT00000000247,211833,211904,71
EFMOG00000000248,EFMOT00000000248,6300300,6300383,83
EFMOG00000000249,EFMOT00000000249,5068275,5068346,71
EFMOG00000000250,EFMOT00000000250,1958441,1958512,71
EFMOG00000000251,EFMOT00000000251,1356920,1356991,71
EFMOG00000000252,EFMOT00000000252,2375386,2375457,71
EFMOG00000000253,EFMOT00000000253,7729595,7729666,71
EFMOG00000000254,EFMOT00000000254,5337934,5338005,71
EFMOG00000000255,EFMOT00000000255,610319,610403,84
EFMOG00000000256,EFMOT00000000256,2644632,2644717,85
EFMOG00000000257,EFMOT00000000257,3841708,3841902,194
EFMOG00000000258,EFMOT00000000258,4449113,4449202,89
EFMOG00000000259,EFMOT00000000259,878060,878131,71
EFMOG00000000260,EFMOT00000000260,7486344,7486415,71
EFMOG00000000261,EFMOT00000000261,2924434,2924505,71
EFMOG00000000262,EFMOT00000000262,5538180,5538251,71
EFMOG00000000263,EFMOT00000000263,1289245,1289360,115
EFMOG00000000264,EFMOT00000000264,3170536,3170627,91
EFMOG00000000265,EFMOT00000000265,6789009,6789080,71
EFMOG00000000266,EFMOT00000000266,4765557,4765655,98
EFMOG00000000267,EFMOT00000000267,1567826,1567897,71
EFMOG00000000268,EFMOT00000000268,661902,662001,99
EFMOG00000000269,EFMOT00000000269,2344468,2344579,111
EFMOG00000000270,EFMOT00000000270,2520598,2520706,108
EFMOG00000000271,EFMOT00000000271,5827814,5827886,72
EFMOG00000000272,EFMOT00000000272,400585,400689,104
EFMOG00000000273,EFMOT00000000273,6215224,6215319,95
EFMOG00000000274,EFMOT00000000274,3014385,3014469,84
EFMOG00000000275,EFMOT00000000275,1092706,1092777,71
EFMOG00000000276,EFMOT00000000276,7624366,7624481,115
EFMOG00000000277,EFMOT00000000277,3033558,3033629,71
EFMOG00000000278,EFMOT00000000278,978554,978678,124
EFMOG00000000279,EFMOT00000000279,3831665,3831738,73
EFMOG00000000280,EFMOT00000000280,1320344,1320441,97
EFMOG00000000281,EFMOT00000000281,4727060,4727175,115
EFMOG00000000282,EFMOT00000000282,187578,187649,71
EFMOG00000000283,EFMOT00000000283,1987078,1987178,100
EFMOG00000000284,EFMOT00000000284,3544021,3544092,71
EFMOG00000000285,EFMOT00000000285,5234353,5234465,112
EFMOG00000000286,EFMOT00000000286,6029339,6029410,71
EFMOG00000000287,EFMOT00000000287,127183,127254,71
EFMOG00000000288,EFMOT00000000288,349559,349650,91
EFMOG00000000289,EFMOT00000000289,7383663,7383758,95
EFMOG00000000290,EFMOT00000000290,5824527,5824598,71
EFMOG00000000291,EFMOT00000000291,1962536,1962642,106
EFMOG00000000292,EFMOT00000000292,7414664,7414735,71
EFMOG00000000293,EFMOT00000000293,7419436,7419507,71
EFMOG00000000294,EFMOT00000000294,6216588,6216672,84
EFMOG00000000295,EFMOT00000000295,1382252,1382315,63
EFMOG00000000296,EFMOT00000000296,367430,367501,71
EFMOG00000000297,EFMOT00000000297,4746149,4746264,115
EFMOG00000000298,EFMOT00000000298,523848,523919,71
EFMOG00000000299,EFMOT00000000299,1717889,1717960,71
EFMOG00000000300,EFMOT00000000300,3415765,3415882,117
EFMOG00000000301,EFMOT00000000301,8265804,8265875,71
EFMOG00000000302,EFMOT00000000302,4106807,4106907,100
EFMOG00000000303,EFMOT00000000303,3367660,3367748,88
EFMOG00000000304,EFMOT00000000304,6961234,6961349,115
EFMOG00000000305,EFMOT00000000305,569006,569121,115
EFMOG00000000306,EFMOT00000000306,2005704,2005793,89
EFMOG00000000307,EFMOT00000000307,2742344,2742454,110
EFMOG00000000308,EFMOT00000000308,7779048,7779119,71
EFMOG00000000309,EFMOT00000000309,5509445,5509516,71
EFMOG00000000310,EFMOT00000000310,3665301,3665410,109
EFMOG00000000311,EFMOT00000000311,1706170,1706257,87
EFMOG00000000312,EFMOT00000000312,1917081,1917152,71
EFMOG00000000313,EFMOT00000000313,5179368,5179463,95
EFMOG00000000314,EFMOT00000000314,2145888,2145997,109
EFMOG00000000315,EFMOT00000000315,2637132,2637219,87
EFMOG00000000316,EFMOT00000000316,725421,725508,87
EFMOG00000000317,EFMOT00000000317,1286699,1286770,71
EFMOG00000000318,EFMOT00000000318,955374,955470,96
EFMOG00000000319,EFMOT00000000319,3300864,3300967,103
EFMOG00000000320,EFMOT00000000320,7687557,7687649,92
EFMOG00000000321,EFMOT00000000321,4302666,4302752,86
EFMOG00000000322,EFMOT00000000322,3280691,3280790,99
EFMOG00000000323,EFMOT00000000323,3100613,3100684,71
EFMOG00000000324,EFMOT00000000324,6777916,6778011,95
EFMOG00000000325,EFMOT00000000325,973376,973461,85
EFMOG00000000326,EFMOT00000000326,4438280,4438378,98
EFMOG00000000327,EFMOT00000000327,4720778,4720879,101
EFMOG00000000328,EFMOT00000000328,1283970,1284069,99
EFMOG00000000329,EFMOT00000000329,5502834,5502934,100
EFMOG00000000330,EFMOT00000000330,1624435,1624538,103
EFMOG00000000331,EFMOT00000000331,1153828,1153943,115
EFMOG00000000332,EFMOT00000000332,985978,986061,83
EFMOG00000000333,EFMOT00000000333,2718843,2718944,101
EFMOG00000000334,EFMOT00000000334,3844463,3844578,115
EFMOG00000000335,EFMOT00000000335,7923228,7923299,71
EFMOG00000000336,EFMOT00000000336,7445453,7445524,71
EFMOG00000000337,EFMOT00000000337,6024665,6024749,84
EFMOG00000000338,EFMOT00000000338,1837220,1837335,115
EFMOG00000000339,EFMOT00000000339,6114033,6114136,103
EFMOG00000000340,EFMOT00000000340,2954310,2954381,71
EFMOG00000000341,EFMOT00000000341,775155,775226,71
EFMOG00000000342,EFMOT00000000342,3392144,3392259,115
EFMOG00000000343,EFMOT00000000343,2417738,2417809,71
EFMOG00000000344,EFMOT00000000344,1436502,1436597,95
EFMOG00000000345,EFMOT00000000345,4124757,4124828,71
EFMOG00000000346,EFMOT00000000346,2191571,2191655,84
EFMOG00000000347,EFMOT00000000347,2930217,2930332,115
EFMOG00000000348,EFMOT00000000348,2627299,2627403,104
EFMOG00000000349,EFMOT00000000349,1037331,1037892,561
EFMOG00000000350,EFMOT00000000350,3621382,3621465,83
EFMOG00000000351,EFMOT00000000351,764311,764411,100
EFMOG00000000352,EFMOT00000000352,3784421,3784536,115
EFMOG00000000353,EFMOT00000000353,5436814,5436885,71
EFMOG00000000354,EFMOT00000000354,2952358,2952429,71
EFMOG00000000355,EFMOT00000000355,7198089,7198181,92
EFMOG00000000356,EFMOT00000000356,5668029,5668100,71
EFMOG00000000357,EFMOT00000000357,6664028,6664099,71
EFMOG00000000358,EFMOT00000000358,5555401,5555510,109
EFMOG00000000359,EFMOT00000000359,479833,479904,71
EFMOG00000000360,EFMOT00000000360,10066,10137,71
EFMOG00000000361,EFMOT00000000361,5422393,5422485,92
EFMOG00000000362,EFMOT00000000362,1895477,1895578,101
EFMOG00000000363,EFMOT00000000363,5182706,5182777,71
EFMOG00000000364,EFMOT00000000364,1552533,1552604,71
EFMOG00000000365,EFMOT00000000365,1308325,1308434,109
EFMOG00000000366,EFMOT00000000366,3864752,3864823,71
EFMOG00000000367,EFMOT00000000367,3623108,3623179,71
EFMOG00000000368,EFMOT00000000368,1533561,1533649,88
EFMOG00000000369,EFMOT00000000369,2645867,2645962,95
EFMOG00000000370,EFMOT00000000370,7744306,7744377,71
EFMOG00000000371,EFMOT00000000371,3128558,3128673,115
EFMOG00000000372,EFMOT00000000372,4491928,4491999,71
EFMOG00000000373,EFMOT00000000373,394685,394817,132
EFMOG00000000374,EFMOT00000000374,205857,205928,71
EFMOG00000000375,EFMOT00000000375,2076862,2076951,89
EFMOG00000000376,EFMOT00000000376,1247158,1247229,71
EFMOG00000000377,EFMOT00000000377,1496548,1496663,115
EFMOG00000000378,EFMOT00000000378,4992882,4992966,84
EFMOG00000000379,EFMOT00000000379,2231749,2231820,71
EFMOG00000000380,EFMOT00000000380,525619,525898,279
EFMOG00000000381,EFMOT00000000381,5249164,5249296,132
EFMOG00000000382,EFMOT00000000382,19072,19143,71
EFMOG00000000383,EFMOT00000000383,7703897,7703985,88
EFMOG00000000384,EFMOT00000000384,3075597,3075687,90
EFMOG00000000385,EFMOT00000000385,336209,336280,71
EFMOG00000000386,EFMOT00000000386,2409112,2409244,132
EFMOG00000000387,EFMOT00000000387,3271917,3272008,91
EFMOG00000000388,EFMOT00000000388,440368,440460,92
EFMOG00000000389,EFMOT00000000389,2930207,2930278,71
EFMOG00000000390,EFMOT00000000390,2119803,2119896,93
EFMOG00000000391,EFMOT00000000391,6434757,6434850,93
ENSRNA049511212,ENSRNA049511212-T1,2076639,2076758,119
ENSRNA049511327,ENSRNA049511327-T1,3128558,3128677,119
ENSRNA049511375,ENSRNA049511375-T1,2253453,2253572,119
ENSRNA049511418,ENSRNA049511418-T1,2001207,2001326,119
ENSRNA049511439,ENSRNA049511439-T1,1792159,1792278,119
ENSRNA049511506,ENSRNA049511506-T1,569006,569125,119
ENSRNA049511536,ENSRNA049511536-T1,1598878,1598997,119
ENSRNA049511583,ENSRNA049511583-T1,2158836,2158955,119
ENSRNA049511626,ENSRNA049511626-T1,788094,788213,119
ENSRNA049511652,ENSRNA049511652-T1,4727060,4727179,119
ENSRNA049511703,ENSRNA049511703-T1,4746145,4746264,119
ENSRNA049511747,ENSRNA049511747-T1,1363420,1363539,119
ENSRNA049511821,ENSRNA049511821-T1,2145724,2145871,147
ENSRNA049511860,ENSRNA049511860-T1,3784421,3784540,119
ENSRNA049511895,ENSRNA049511895-T1,2135203,2135322,119
ENSRNA049511916,ENSRNA049511916-T1,2409112,2409265,153
ENSRNA049511959,ENSRNA049511959-T1,1037331,1037892,561
ENSRNA049512006,ENSRNA049512006-T1,525619,525904,285
ENSRNA049512062,ENSRNA049512062-T1,3280691,3280790,99
ENSRNA049512101,ENSRNA049512101-T1,1153824,1153943,119
ENSRNA049512114,ENSRNA049512114-T1,1472566,1472685,119
ENSRNA049512141,ENSRNA049512141-T1,1496544,1496663,119
ENSRNA049512174,ENSRNA049512174-T1,1583016,1583135,119
ENSRNA049512209,ENSRNA049512209-T1,2137452,2137571,119
ENSRNA049512229,ENSRNA049512229-T1,2495930,2496049,119
ENSRNA049512252,ENSRNA049512252-T1,3299402,3299521,119
ENSRNA049512271,ENSRNA049512271-T1,1472340,1472459,119
ENSRNA049512301,ENSRNA049512301-T1,725185,725272,87
ENSRNA049512320,ENSRNA049512320-T1,725659,725737,78
ENSRNA049512349,ENSRNA049512349-T1,725422,725506,84
ENSRNA049512366,ENSRNA049512366-T1,3170539,3170625,86
ENSRNA049512386,ENSRNA049512386-T1,659450,659557,107
ENSRNA049512449,ENSRNA049512449-T1,1587469,1587614,145
ENSRNA049512471,ENSRNA049512471-T1,2444137,2444256,119
ENSRNA049512508,ENSRNA049512508-T1,3392144,3392263,119
ENSRNA049512567,ENSRNA049512567-T1,5921774,5921893,119
ENSRNA049512605,ENSRNA049512605-T1,1737499,1737598,99
ENSRNA049512627,ENSRNA049512627-T1,2355521,2355815,294
ENSRNA049512649,ENSRNA049512649-T1,3040207,3040361,154
ENSRNA049512685,ENSRNA049512685-T1,5504766,5504904,138
ENSRNA049512751,ENSRNA049512751-T1,661902,662001,99
ENSRNA049512782,ENSRNA049512782-T1,6961230,6961349,119
ENSRNA049512803,ENSRNA049512803-T1,2930217,2930336,119
ENSRNA049512827,ENSRNA049512827-T1,5973942,5974061,119
ENSRNA049512852,ENSRNA049512852-T1,7624366,7624485,119
ENSRNA049512867,ENSRNA049512867-T1,610618,610737,119
ENSRNA049512897,ENSRNA049512897-T1,1289245,1289364,119
ENSRNA049512925,ENSRNA049512925-T1,6300562,6300641,79
ENSRNA049512957,ENSRNA049512957-T1,2682865,2683269,404
ENSRNA049512971,ENSRNA049512971-T1,1523535,1523613,78
ENSRNA049513023,ENSRNA049513023-T1,568430,568529,99
ENSRNA049513055,ENSRNA049513055-T1,2226432,2226627,195
ENSRNA049513084,ENSRNA049513084-T1,2971155,2971429,274
ENSRNA049513138,ENSRNA049513138-T1,3005970,3006089,119
ENSRNA049513168,ENSRNA049513168-T1,3844459,3844578,119
ENSRNA049513202,ENSRNA049513202-T1,3910392,3910511,119
ENSRNA049513229,ENSRNA049513229-T1,4608697,4608816,119
ENSRNA049513266,ENSRNA049513266-T1,2130296,2130415,119
ENSRNA049513306,ENSRNA049513306-T1,3841708,3841902,194
ENSRNA049513333,ENSRNA049513333-T1,5131779,5131898,119
ENSRNA049513371,ENSRNA049513371-T1,1837216,1837335,119
ENSRNA049513400,ENSRNA049513400-T1,1319990,1320109,119
ENSRNA049513454,ENSRNA049513454-T1,5573149,5573342,193
ENSRNA049513502,ENSRNA049513502-T1,5093883,5093969,86
ENSRNA049560213,ENSRNA049560213-T1,148384,148472,88
ENSRNA049560283,ENSRNA049560283-T1,209235,209306,71
ENSRNA049560305,ENSRNA049560305-T1,319594,319677,83
ENSRNA049560370,ENSRNA049560370-T1,1283970,1284069,99
ENSRNA049560406,ENSRNA049560406-T1,1342909,1342991,82
ENSRNA049560463,ENSRNA049560463-T1,2231749,2231820,71
ENSRNA049560484,ENSRNA049560484-T1,2384503,2384581,78
ENSRNA049560539,ENSRNA049560539-T1,2479030,2479130,100
ENSRNA049560556,ENSRNA049560556-T1,2718843,2718944,101
ENSRNA049560584,ENSRNA049560584-T1,2986594,2986697,103
ENSRNA049560619,ENSRNA049560619-T1,3238542,3238627,85
ENSRNA049560656,ENSRNA049560656-T1,3014385,3014469,84
ENSRNA049560704,ENSRNA049560704-T1,2637132,2637219,87
ENSRNA049560736,ENSRNA049560736-T1,2551516,2551651,135
ENSRNA049560762,ENSRNA049560762-T1,2551440,2551511,71
ENSRNA049560805,ENSRNA049560805-T1,2076862,2076951,89
ENSRNA049560858,ENSRNA049560858-T1,1261152,1261233,81
ENSRNA049560890,ENSRNA049560890-T1,589300,589391,91
ENSRNA049560916,ENSRNA049560916-T1,440368,440460,92
ENSRNA049561016,ENSRNA049561016-T1,230059,230146,87
ENSRNA049561034,ENSRNA049561034-T1,230578,230667,89
ENSRNA049561092,ENSRNA049561092-T1,568130,568224,94
ENSRNA049561131,ENSRNA049561131-T1,1706170,1706257,87
ENSRNA049561166,ENSRNA049561166-T1,2145888,2145997,109
ENSRNA049561203,ENSRNA049561203-T1,3059451,3059541,90
ENSRNA049561244,ENSRNA049561244-T1,3075597,3075687,90
ENSRNA049561293,ENSRNA049561293-T1,3287254,3287373,119
ENSRNA049561351,ENSRNA049561351-T1,4013919,4013990,71
ENSRNA049561380,ENSRNA049561380-T1,4449113,4449202,89
ENSRNA049561420,ENSRNA049561420-T1,4477683,4477754,71
ENSRNA049561466,ENSRNA049561466-T1,4721389,4721490,101
ENSRNA049561493,ENSRNA049561493-T1,4836038,4836149,111
ENSRNA049561563,ENSRNA049561563-T1,5150352,5150436,84
ENSRNA049561603,ENSRNA049561603-T1,5322515,5322616,101
ENSRNA049561650,ENSRNA049561650-T1,5419992,5420074,82
ENSRNA049561692,ENSRNA049561692-T1,5426249,5426344,95
ENSRNA049561727,ENSRNA049561727-T1,5322946,5323035,89
ENSRNA049561813,ENSRNA049561813-T1,5277511,5277582,71
ENSRNA049561862,ENSRNA049561862-T1,5105752,5105839,87
ENSRNA049561911,ENSRNA049561911-T1,4720778,4720879,101
ENSRNA049561935,ENSRNA049561935-T1,4644054,4644141,87
ENSRNA049561984,ENSRNA049561984-T1,4317289,4317360,71
ENSRNA049562033,ENSRNA049562033-T1,3632345,3632416,71
ENSRNA049562086,ENSRNA049562086-T1,3415765,3415882,117
ENSRNA049562175,ENSRNA049562175-T1,3346950,3347069,119
ENSRNA049562202,ENSRNA049562202-T1,2696067,2696184,117
ENSRNA049562260,ENSRNA049562260-T1,2344468,2344579,111
ENSRNA049562317,ENSRNA049562317-T1,2231807,2231880,73
ENSRNA049562352,ENSRNA049562352-T1,2176456,2176540,84
ENSRNA049562428,ENSRNA049562428-T1,2157319,2157414,95
ENSRNA049562491,ENSRNA049562491-T1,2005704,2005793,89
ENSRNA049562530,ENSRNA049562530-T1,1958441,1958512,71
ENSRNA049562619,ENSRNA049562619-T1,1839899,1839996,97
ENSRNA049562658,ENSRNA049562658-T1,1760697,1760820,123
ENSRNA049562766,ENSRNA049562766-T1,1600798,1600869,71
ENSRNA049562830,ENSRNA049562830-T1,78249,78338,89
ENSRNA049562888,ENSRNA049562888-T1,610319,610403,84
ENSRNA049562927,ENSRNA049562927-T1,846544,846628,84
ENSRNA049562996,ENSRNA049562996-T1,973376,973461,85
ENSRNA049563074,ENSRNA049563074-T1,985978,986061,83
ENSRNA049563108,ENSRNA049563108-T1,1156440,1156525,85
ENSRNA049563281,ENSRNA049563281-T1,1625520,1625609,89
ENSRNA049563339,ENSRNA049563339-T1,1917081,1917152,71
ENSRNA049563373,ENSRNA049563373-T1,2103473,2103556,83
ENSRNA049563478,ENSRNA049563478-T1,2149296,2149382,86
ENSRNA049563529,ENSRNA049563529-T1,2645867,2645962,95
ENSRNA049563681,ENSRNA049563681-T1,3956777,3956880,103
ENSRNA049563744,ENSRNA049563744-T1,4287731,4287834,103
ENSRNA049563793,ENSRNA049563793-T1,4302666,4302752,86
ENSRNA049563863,ENSRNA049563863-T1,4374626,4374697,71
ENSRNA049563904,ENSRNA049563904-T1,4438280,4438378,98
ENSRNA049564052,ENSRNA049564052-T1,4749337,4749425,88
ENSRNA049564121,ENSRNA049564121-T1,6216588,6216672,84
ENSRNA049564198,ENSRNA049564198-T1,6401618,6401718,100
ENSRNA049564218,ENSRNA049564218-T1,6438743,6438852,109
ENSRNA049564286,ENSRNA049564286-T1,6434757,6434850,93
ENSRNA049564344,ENSRNA049564344-T1,6414985,6415069,84
ENSRNA049564421,ENSRNA049564421-T1,6215224,6215319,95
ENSRNA049564510,ENSRNA049564510-T1,6114033,6114136,103
ENSRNA049564593,ENSRNA049564593-T1,5728992,5729074,82
ENSRNA049564673,ENSRNA049564673-T1,5509445,5509516,71
ENSRNA049564726,ENSRNA049564726-T1,5146463,5146557,94
ENSRNA049564783,ENSRNA049564783-T1,5146348,5146440,92
ENSRNA049564838,ENSRNA049564838-T1,4738128,4738212,84
ENSRNA049564961,ENSRNA049564961-T1,2967195,2967283,88
ENSRNA049565035,ENSRNA049565035-T1,2627299,2627403,104
ENSRNA049565085,ENSRNA049565085-T1,2503936,2504007,71
ENSRNA049565137,ENSRNA049565137-T1,2046356,2046444,88
ENSRNA049565253,ENSRNA049565253-T1,400585,400689,104
ENSRNA049565317,ENSRNA049565317-T1,267096,267167,71
ENSRNA049565376,ENSRNA049565376-T1,667241,667352,111
ENSRNA049565445,ENSRNA049565445-T1,1436502,1436597,95
ENSRNA049565508,ENSRNA049565508-T1,3531499,3531600,101
ENSRNA049565583,ENSRNA049565583-T1,3532762,3532862,100
ENSRNA049565698,ENSRNA049565698-T1,3859211,3859283,72
ENSRNA049565761,ENSRNA049565761-T1,3978100,3978171,71
ENSRNA049565803,ENSRNA049565803-T1,4106807,4106907,100
ENSRNA049565846,ENSRNA049565846-T1,3831665,3831738,73
ENSRNA049565905,ENSRNA049565905-T1,3827373,3827483,110
ENSRNA049565969,ENSRNA049565969-T1,3645548,3645619,71
ENSRNA049566007,ENSRNA049566007-T1,2799395,2799486,91
ENSRNA049566062,ENSRNA049566062-T1,1987188,1987270,82
ENSRNA049566142,ENSRNA049566142-T1,1987078,1987178,100
ENSRNA049566235,ENSRNA049566235-T1,764311,764411,100
ENSRNA049566272,ENSRNA049566272-T1,749653,749753,100
ENSRNA049566355,ENSRNA049566355-T1,1218973,1219044,71
ENSRNA049566432,ENSRNA049566432-T1,1624435,1624538,103
ENSRNA049566555,ENSRNA049566555-T1,1895477,1895578,101
ENSRNA049566621,ENSRNA049566621-T1,2134904,2134999,95
ENSRNA049566691,ENSRNA049566691-T1,2229118,2229228,110
ENSRNA049566800,ENSRNA049566800-T1,2825828,2825931,103
ENSRNA049566874,ENSRNA049566874-T1,2886105,2886193,88
ENSRNA049566973,ENSRNA049566973-T1,3033558,3033629,71
ENSRNA049567025,ENSRNA049567025-T1,3271917,3272008,91
ENSRNA049567066,ENSRNA049567066-T1,3496614,3496685,71
ENSRNA049567104,ENSRNA049567104-T1,3710511,3710595,84
ENSRNA049567157,ENSRNA049567157-T1,4098792,4098876,84
ENSRNA049567239,ENSRNA049567239-T1,3953870,3953977,107
ENSRNA049567318,ENSRNA049567318-T1,3665301,3665410,109
ENSRNA049567459,ENSRNA049567459-T1,3545116,3545188,72
ENSRNA049567539,ENSRNA049567539-T1,3301182,3301270,88
ENSRNA049567616,ENSRNA049567616-T1,3300864,3300967,103
ENSRNA049567663,ENSRNA049567663-T1,3258554,3258645,91
ENSRNA049567724,ENSRNA049567724-T1,1306929,1307039,110
ENSRNA049567815,ENSRNA049567815-T1,1079968,1080056,88
ENSRNA049567872,ENSRNA049567872-T1,997876,997947,71
ENSRNA049567913,ENSRNA049567913-T1,955374,955470,96
ENSRNA049568075,ENSRNA049568075-T1,278913,279001,88
ENSRNA049568106,ENSRNA049568106-T1,348932,349035,103
ENSRNA049568155,ENSRNA049568155-T1,978554,978678,124
ENSRNA049568208,ENSRNA049568208-T1,1075719,1075819,100
ENSRNA049568248,ENSRNA049568248-T1,1539455,1539526,71
ENSRNA049568319,ENSRNA049568319-T1,2135002,2135106,104
ENSRNA049568441,ENSRNA049568441-T1,2191571,2191655,84
ENSRNA049568563,ENSRNA049568563-T1,2339107,2339198,91
ENSRNA049568629,ENSRNA049568629-T1,2741791,2741923,132
ENSRNA049568672,ENSRNA049568672-T1,2742344,2742454,110
ENSRNA049568743,ENSRNA049568743-T1,3846261,3846356,95
ENSRNA049568788,ENSRNA049568788-T1,5075057,5075142,85
ENSRNA049568853,ENSRNA049568853-T1,5179368,5179463,95
ENSRNA049568925,ENSRNA049568925-T1,6777916,6778011,95
ENSRNA049568972,ENSRNA049568972-T1,7155747,7155818,71
ENSRNA049569054,ENSRNA049569054-T1,7398596,7398680,84
ENSRNA049569114,ENSRNA049569114-T1,7687557,7687649,92
ENSRNA049569192,ENSRNA049569192-T1,6598444,6598577,133
ENSRNA049569289,ENSRNA049569289-T1,5504310,5504410,100
ENSRNA049569329,ENSRNA049569329-T1,5502834,5502934,100
ENSRNA049569441,ENSRNA049569441-T1,5422393,5422485,92
ENSRNA049569513,ENSRNA049569513-T1,3621382,3621465,83
ENSRNA049569571,ENSRNA049569571-T1,3243010,3243109,99
ENSRNA049569615,ENSRNA049569615-T1,2713916,2714011,95
ENSRNA049569645,ENSRNA049569645-T1,2632783,2632921,138
ENSRNA049569676,ENSRNA049569676-T1,1542982,1543053,71
ENSRNA049569777,ENSRNA049569777-T1,394685,394817,132
ENSRNA049569829,ENSRNA049569829-T1,349559,349650,91
ENSRNA049569896,ENSRNA049569896-T1,768715,768803,88
ENSRNA049570030,ENSRNA049570030-T1,2119699,2119781,82
ENSRNA049570096,ENSRNA049570096-T1,2119803,2119896,93
ENSRNA049570176,ENSRNA049570176-T1,2644632,2644717,85
ENSRNA049570251,ENSRNA049570251-T1,3367660,3367748,88
ENSRNA049570347,ENSRNA049570347-T1,4984063,4984134,71
ENSRNA049570420,ENSRNA049570420-T1,4992882,4992966,84
ENSRNA049570484,ENSRNA049570484-T1,5226141,5226245,104
ENSRNA049570601,ENSRNA049570601-T1,5555401,5555510,109
ENSRNA049570696,ENSRNA049570696-T1,5863488,5863584,96
ENSRNA049570746,ENSRNA049570746-T1,6944326,6944407,81
ENSRNA049570793,ENSRNA049570793-T1,7442455,7442537,82
ENSRNA049570833,ENSRNA049570833-T1,7444346,7444446,100
ENSRNA049570910,ENSRNA049570910-T1,7703897,7703985,88
ENSRNA049571027,ENSRNA049571027-T1,7383663,7383758,95
ENSRNA049571164,ENSRNA049571164-T1,7240078,7240165,87
ENSRNA049571234,ENSRNA049571234-T1,7198203,7198285,82
ENSRNA049571311,ENSRNA049571311-T1,7198089,7198181,92
ENSRNA049571363,ENSRNA049571363-T1,6435279,6435363,84
ENSRNA049571412,ENSRNA049571412-T1,6024665,6024749,84
ENSRNA049571475,ENSRNA049571475-T1,5234353,5234465,112
ENSRNA049571543,ENSRNA049571543-T1,4972858,4972929,71
ENSRNA049571602,ENSRNA049571602-T1,4895618,4895731,113
ENSRNA049571637,ENSRNA049571637-T1,4765557,4765655,98
ENSRNA049571714,ENSRNA049571714-T1,4758390,4758477,87
ENSRNA049571770,ENSRNA049571770-T1,4194602,4194710,108
ENSRNA049571848,ENSRNA049571848-T1,3864752,3864823,71
ENSRNA049571903,ENSRNA049571903-T1,2599812,2599883,71
ENSRNA049571970,ENSRNA049571970-T1,2520598,2520706,108
ENSRNA049572042,ENSRNA049572042-T1,2128410,2128499,89
ENSRNA049572106,ENSRNA049572106-T1,1573800,1573934,134
ENSRNA049572158,ENSRNA049572158-T1,1533561,1533649,88
ENSRNA049572278,ENSRNA049572278-T1,548857,548929,72